0.232899 1
0.235821 0
0.238602 1
0.240814 0
0.244979 1
0.24514 0
0.246161 1
0.24781 0
0.259517 1
0.26151 0
0.262532 1
0.262967 0
0.263366 1
0.264179 0
0.264198 1
0.265801 0
0.268456 1
0.268874 0
0.281213 1
0.281321 0
0.281912 1
0.282054 2
0.282744 3
0.282886 4
0.28678 1
0.287612 0
0.296698 1
0.300611 0
0.340876 1
0.341644 2
0.342391 1
0.344314 2
0.351427 0
0.363872 1
0.364111 2
0.365422 3
0.369541 0
0.380012 1
0.384092 0
0.384924 1
0.385926 0
0.388304 1
0.389031 2
0.391339 1
0.391603 2
0.392239 3
0.392353 4
0.392435 5
0.392681 4
0.393071 5
0.39529 2
0.398387 0
0.420704 1
0.422985 0
0.432022 1
0.43212 2
0.432801 3
0.432854 4
0.433176 5
0.435231 6
0.435999 5
0.436063 6
0.436831 7
0.436863 8
0.437645 6
0.437695 7
0.438527 8
0.439594 9
0.440426 10
0.441226 11
0.444238 12
0.444423 13
0.444959 14
0.44507 15
0.445074 16
0.445971 17
0.447769 18
0.448435 17
0.448499 18
0.448612 19
0.449267 20
0.449331 21
0.449634 22
0.451217 23
0.452049 24
0.455545 22
0.456812 21
0.456918 22
0.456961 23
0.457793 24
0.459759 22
0.460509 23
0.461341 24
0.462205 25
0.462973 26
0.463524 27
0.463805 28
0.464388 29
0.46522 30
0.465252 31
0.466084 32
0.46682 33
0.466884 34
0.467716 35
0.469586 36
0.470418 37
0.47045 38
0.471186 39
0.471218 40
0.47128 41
0.471282 42
0.47205 39
0.472112 40
0.472267 41
0.474625 42
0.474791 43
0.474799 44
0.476225 45
0.476735 46
0.476742 47
0.476806 48
0.477005 49
0.477653 50
0.477736 51
0.478406 52
0.480729 51
0.480844 52
0.481676 53
0.482205 54
0.487997 55
0.488061 56
0.488829 57
0.488829 58
0.488893 59
0.489661 60
0.490525 61
0.491357 62
0.492189 63
0.49286 64
0.495553 65
0.498895 63
0.500122 61
0.500186 62
0.500954 63
0.501018 64
0.501786 65
0.501786 66
0.502618 67
0.505687 64
0.506519 65
0.507351 66
0.508655 64
0.509015 65
0.509015 66
0.510679 67
0.513416 60
0.515783 56
0.517051 55
0.517993 56
0.521584 53
0.521669 54
0.525825 50
0.527489 51
0.527489 52
0.530513 51
0.534968 52
0.535019 53
0.535851 54
0.535884 55
0.536568 52
0.53743 53
0.537511 54
0.538343 55
0.542948 49
0.543012 50
0.543844 51
0.545045 52
0.546308 53
0.546359 54
0.54714 55
0.548804 54
0.549636 55
0.550468 56
0.552419 55
0.554716 54
0.555753 52
0.556502 53
0.556585 54
0.557326 53
0.557334 54
0.558208 53
0.55822 54
0.558573 55
0.558648 56
0.560796 53
0.562125 54
0.562638 55
0.562882 56
0.562957 57
0.56331 58
0.56347 59
0.563714 60
0.566487 57
0.567429 58
0.568128 59
0.56896 60
0.569792 61
0.570688 62
0.571456 61
0.571456 62
0.57152 63
0.571709 64
0.57312 63
0.57681 64
0.577642 65
0.578474 66
0.583436 59
0.5835 60
0.584268 61
0.584332 62
0.5851 63
0.585932 64
0.586918 65
0.58775 66
0.587891 67
0.591728 65
0.591792 66
0.59256 67
0.592624 68
0.593392 69
0.593488 70
0.594224 69
0.594256 70
0.59432 71
0.59592 70
0.596016 71
0.596848 67
0.59848 68
0.599312 69
0.599312 70
0.600144 71
0.600208 72
0.600976 73
0.60104 74
0.60264 72
0.603079 73
0.605144 72
0.605466 73
0.608423 69
0.608747 70
0.609579 71
0.61088 72
0.613738 70
0.614735 71
0.615402 70
0.617394 69
0.619067 68
0.619899 69
0.624128 66
0.62496 67
0.625792 68
0.626624 69
0.627456 70
0.635446 65
0.636278 66
0.636342 67
0.63711 68
0.637174 69
0.638038 70
0.63807 71
0.63887 72
0.638902 73
0.639826 74
0.642198 75
0.642428 76
0.64303 77
0.645526 76
0.646358 77
0.64719 78
0.64719 79
0.647531 80
0.648918 81
0.64975 82
0.649782 83
0.6498 84
0.65055 85
0.650614 86
0.650632 87
0.65092 88
0.652246 89
0.656406 87
0.65647 88
0.657238 89
0.657238 90
0.657302 91
0.657334 92
0.65807 93
0.658102 94
0.658166 95
0.658934 96
0.66063 95
0.660694 96
0.66138 97
0.661462 98
0.661526 99
0.662326 100
0.66239 101
0.663158 100
0.663222 101
0.666518 100
0.66735 101
0.668182 102
0.668182 103
0.669014 104
0.67151 100
0.672342 101
0.672406 102
0.672438 103
0.67247 104
0.67299 105
0.673174 106
0.673174 107
0.673238 108
0.67327 109
0.673302 110
0.675766 109
0.676598 110
0.67743 111
0.679926 110
0.680758 109
0.680758 110
0.68159 111
0.681654 112
0.682486 113
0.684118 112
0.68495 113
0.685782 114
0.68911 115
0.690774 116
0.691606 117
0.691727 118
0.692438 119
0.69327 120
0.69327 121
0.694355 122
0.696598 123
0.69743 122
0.69743 123
0.699926 122
0.700758 121
0.700758 122
0.700822 123
0.70159 124
0.701654 125
0.70495 123
0.705782 122
0.705782 123
0.705846 124
0.706614 125
0.706614 126
0.706678 127
0.707446 126
0.707446 127
0.709238 128
0.709974 129
0.710038 130
0.71007 131
0.71087 132
0.711702 133
0.711766 134
0.711798 135
0.712534 134
0.712598 135
0.71263 136
0.713668 137
0.714326 138
0.714358 139
0.71439 140
0.714422 141
0.714443 142
0.715094 140
0.715126 141
0.71519 142
0.715222 143
0.715254 144
0.715286 145
0.715958 146
0.716118 147
0.719414 148
0.720246 149
0.721078 148
0.723574 149
0.723638 150
0.72447 151
0.726934 150
0.730198 151
0.730262 152
0.731094 153
0.731094 154
0.731926 152
0.731926 153
0.732758 154
0.73359 155
0.736086 153
0.736258 154
0.736918 155
0.736982 156
0.737014 157
0.737046 158
0.73775 159
0.737814 160
0.737846 161
0.737878 162
0.737974 163
0.738582 162
0.738806 163
0.740342 162
0.740406 163
0.741174 164
0.741238 165
0.742006 166
0.743862 165
0.744534 166
0.745366 167
0.745366 168
0.746198 169
0.746198 170
0.74703 171
0.747862 172
0.748694 173
0.748694 174
0.749526 175
0.74959 176
0.750422 177
0.751222 175
0.75295 176
0.753718 177
0.753782 178
0.75455 179
0.755478 180
0.756246 181
0.75631 182
0.756342 183
0.756374 184
0.757174 185
0.757206 186
0.758112 187
0.758838 188
0.758934 189
0.758966 190
0.759221 191
0.75967 192
0.759798 193
0.760502 194
0.761462 195
0.762089 196
0.76223 197
0.762294 198
0.763278 199
0.765686 200
0.766518 201
0.767318 202
0.76815 203
0.769014 204
0.771145 205
0.772278 206
0.772315 207
0.772342 208
0.772504 209
0.772546 210
0.77311 211
0.773174 212
0.773174 213
0.773942 212
0.773942 213
0.774006 214
0.774038 215
0.774486 216
0.77487 217
0.776085 216
0.776606 217
0.777334 218
0.77743 219
0.777546 220
0.778166 219
0.778166 220
0.778262 221
0.77983 220
0.780662 221
0.780726 222
0.781494 223
0.781558 224
0.78159 225
0.782206 226
0.782422 225
0.784022 226
0.784854 227
0.785686 228
0.786614 229
0.789046 228
0.789878 229
0.79071 230
0.790745 231
0.793206 230
0.794102 231
0.79487 232
0.794892 233
0.794934 234
0.794934 235
0.795766 236
0.796603 237
0.79663 238
0.796725 239
0.79743 240
0.797462 241
0.797494 242
0.797526 243
0.797558 244
0.79759 245
0.798262 246
0.798262 247
0.798326 248
0.798358 249
0.79839 250
0.798422 251
0.799094 252
0.800054 253
0.802126 254
0.803446 255
0.803471 256
0.803478 257
0.804278 258
0.80431 259
0.805046 258
0.80511 259
0.805942 260
0.805942 261
0.806006 262
0.806774 263
0.806838 264
0.80687 265
0.807307 266
0.807606 267
0.807702 268
0.809652 269
0.810166 270
0.810998 271
0.811115 272
0.813494 273
0.816054 272
0.816086 273
0.816886 274
0.816918 275
0.817686 276
0.81775 277
0.818518 278
0.818582 279
0.820045 278
0.820214 279
0.820246 280
0.821078 281
0.823542 280
0.824374 281
0.824406 282
0.824681 283
0.825206 284
0.825238 285
0.828534 284
0.829366 285
0.830198 286
0.830198 287
0.830262 288
0.83103 289
0.831094 290
0.833526 291
0.83359 292
0.83359 293
0.834422 294
0.835254 295
0.835299 296
0.836086 297
0.836372 298
0.836886 299
0.837718 300
0.838582 301
0.841046 299
0.841878 300
0.84271 301
0.84271 302
0.843542 300
0.843542 301
0.843849 302
0.844374 301
0.844744 302
0.84687 300
0.847702 301
0.847862 302
0.847893 303
0.848534 304
0.848694 305
0.849366 304
0.849526 305
0.849763 306
0.849914 307
0.850358 308
0.85103 307
0.852886 308
0.853718 309
0.854358 310
0.855414 311
0.856022 312
0.856246 313
0.85711 314
0.857942 315
0.860182 313
0.860757 314
0.861014 315
0.861078 316
0.861368 317
0.861846 318
0.86191 319
0.862289 320
0.863335 321
0.863542 322
0.863606 323
0.863675 324
0.863926 325
0.864438 326
0.864758 327
0.86559 328
0.866422 329
0.867734 330
0.868086 331
0.868566 332
0.868918 333
0.871126 334
0.871894 335
0.871958 336
0.87199 337
0.871991 338
0.872022 339
0.872726 338
0.872822 339
0.872854 340
0.873259 341
0.873974 342
0.875955 341
0.87615 342
0.87615 343
0.879478 344
0.88031 345
0.881206 346
0.881494 347
0.882326 348
0.884624 349
0.88492 350
0.885718 351
0.88655 352
0.88655 353
0.886998 354
0.887382 355
0.891158 356
0.891542 357
0.891542 358
0.892374 359
0.892822 358
0.892822 359
0.896982 357
0.89712 358
0.897814 359
0.897869 360
0.897878 361
0.898646 362
0.898646 363
0.89871 364
0.899478 365
0.90031 364
0.900911 365
0.901718 366
0.902006 367
0.90207 368
0.90255 369
0.90287 370
0.90367 369
0.903702 370
0.906262 369
0.906774 370
0.907606 371
0.907894 372
0.907958 373
0.908726 374
0.90879 375
0.909558 374
0.910998 373
0.912086 374
0.912918 375
0.912982 376
0.913494 377
0.91375 378
0.913814 379
0.915035 380
0.915542 381
0.91599 382
0.916278 383
0.916342 384
0.916374 385
0.917174 386
0.917942 387
0.918006 388
0.918838 389
0.91967 390
0.919694 391
0.921398 392
0.922094 393
0.92223 394
0.923089 395
0.924694 394
0.924694 395
0.925526 396
0.925526 397
0.926358 398
0.926358 399
0.92719 398
0.928022 396
0.930518 397
0.93103 398
0.931862 399
0.932246 400
0.932278 401
0.932694 402
0.93311 403
0.933526 404
0.934742 403
0.934742 404
0.935574 405
0.936406 404
0.937718 403
0.93855 404
0.938902 405
0.938966 406
0.939734 405
0.939798 406
0.93982 407
0.942262 406
0.943542 407
0.943926 408
0.944374 409
0.945206 410
0.94559 411
0.946038 412
0.946937 413
0.948534 414
0.94975 413
0.951414 414
0.951478 415
0.952342 416
0.953628 417
0.953974 418
0.954806 419
0.95519 420
0.955638 421
0.956022 422
0.956185 423
0.95647 424
0.956854 425
0.957302 426
0.957686 427
0.960182 428
0.96063 429
0.961462 430
0.961846 431
0.962678 432
0.964374 430
0.965206 431
0.965622 432
0.966454 431
0.966454 432
0.968566 433
0.96895 432
0.969398 433
0.972278 434
0.972758 435
0.97311 434
0.97311 435
0.97359 436
0.973942 435
0.974005 436
0.975606 435
0.97567 436
0.976534 437
0.977366 438
0.979062 439
0.979894 440
0.98031 441
0.981142 442
0.98159 443
0.981592 444
0.981871 445
0.98239 446
0.982544 447
0.982806 448
0.983222 449
0.983286 450
0.983318 451
0.98367 452
0.984118 453
0.98415 454
0.984502 455
0.986513 453
0.986614 454
0.987446 455
0.988278 456
0.98911 455
0.989595 456
0.991606 453
0.99199 454
0.99225 455
0.992438 456
0.992822 457
0.99327 456
0.99327 457
0.993508 458
0.993654 459
0.994486 460
0.994934 461
0.994934 462
0.998053 461
0.999094 462
0.99951 463
1.00034 464
1.00242 465
1.00247 466
1.00325 467
1.0037 468
1.00409 469
1.00453 470
1.00492 469
1.00505 470
1.00537 471
1.00696 472
1.00828 471
1.00868 472
1.00873 473
1.00911 472
1.00911 473
1.00956 474
1.00959 475
1.00994 476
1.00994 477
1.01077 478
1.01244 477
1.01276 478
1.01327 479
1.01461 480
1.01613 481
1.01666 482
1.01688 483
1.01743 484
1.01749 485
1.01801 486
1.01869 487
1.01884 488
1.0205 489
1.02085 490
1.02332 489
1.02415 488
1.02498 487
1.02581 486
1.02665 485
1.02748 483
1.02831 482
1.02914 481
1.02997 480
1.03081 479
1.03218 478
1.0325 477
1.03333 476
1.03417 475
1.035 473
1.03641 472
1.03666 471
1.03749 470
1.03833 467
1.03973 466
1.03999 465
1.04082 464
1.04165 463
1.04249 462
1.04332 461
1.04415 460
1.04498 459
1.04588 458
1.04671 457
1.04754 456
1.04924 453
1.05007 452
1.0509 451
1.05173 450
1.05266 449
1.05397 448
1.05429 446
1.05513 445
1.05596 443
1.0573 442
1.05762 441
1.05845 440
1.05929 439
1.06012 438
1.06095 437
1.06178 436
1.06261 435
1.06345 434
1.06428 433
1.06511 432
1.06645 431
1.06677 430
1.06761 428
1.06844 426
1.06927 425
1.0701 424
1.0726 420
1.07343 419
1.07426 418
1.07509 417
1.07593 414
1.07679 413
1.07769 412
1.07849 411
1.07932 410
1.08015 409
1.08181 407
1.08265 406
1.08348 405
1.08431 404
1.08514 403
1.08597 402
1.08681 401
1.08764 400
1.08847 399
1.08994 398
1.09097 396
1.0918 395
1.09263 393
1.09346 392
1.09429 391
1.09577 389
1.09599 388
1.09682 387
1.09765 385
1.09849 383
1.09932 382
1.10015 381
1.10098 379
1.10105 378
1.10188 377
1.10351 376
1.10409 375
1.10441 374
1.10524 372
1.10687 371
1.1077 370
1.10853 369
1.10937 368
1.1102 367
1.11026 366
1.11109 365
1.11244 364
1.11356 362
1.11439 361
1.11522 360
1.11605 359
1.11692 358
1.11775 357
1.11858 355
1.11941 354
1.12025 353
1.12108 352
1.12191 350
1.12274 349
1.12357 348
1.12441 347
1.12524 346
1.1253 345
1.12613 344
1.12693 343
1.12777 342
1.1286 341
1.12953 340
1.13081 339
1.13119 338
1.13202 337
1.13285 336
1.13369 335
1.13452 334
1.13535 333
1.13618 332
1.13701 331
1.13788 330
1.13871 329
1.13954 326
1.14044 325
1.14127 324
1.1421 323
1.14297 322
1.1438 321
1.14463 320
1.14546 319
1.14713 317
1.14796 316
1.14879 315
1.14962 314
1.15045 313
1.15129 312
1.15212 311
1.15298 310
1.15381 309
1.15465 308
1.15548 307
1.15631 306
1.15714 305
1.15797 304
1.15881 302
1.15964 301
1.16047 299
1.1613 298
1.16213 297
1.16297 296
1.1638 295
1.16463 294
1.16546 293
1.16629 292
1.16799 289
1.16882 287
1.16965 286
1.17055 285
1.17135 284
1.17218 283
1.17301 282
1.17385 281
1.17468 280
1.17551 279
1.17679 278
1.17762 277
1.17807 276
1.1789 275
1.17973 274
1.18098 273
1.18181 272
1.18223 271
1.18306 270
1.18389 269
1.18473 268
1.18556 267
1.18639 266
1.18722 265
1.18805 264
1.18889 263
1.18972 262
1.19055 261
1.19138 260
1.19221 259
1.19305 258
1.19391 257
1.19474 255
1.19557 254
1.19727 251
1.1981 250
1.19893 249
1.19977 248
1.2006 247
1.20181 245
1.20226 244
1.20309 243
1.20393 242
1.20476 241
1.20559 240
1.20642 238
1.20725 237
1.20853 236
1.20895 235
1.20978 233
1.21061 232
1.21145 230
1.21231 229
1.21314 228
1.21397 227
1.21481 226
1.21609 225
1.2165 224
1.21733 223
1.21817 222
1.219 221
1.21983 219
1.22233 216
1.22316 215
1.22399 214
1.22482 213
1.22565 212
1.22732 210
1.22815 209
1.22898 208
1.22981 207
1.23151 205
1.23234 204
1.23317 203
1.23401 202
1.23535 201
1.23567 200
1.2365 199
1.23733 198
1.2382 197
1.23903 196
1.23986 195
1.24069 194
1.24242 192
1.24325 190
1.24409 189
1.24492 188
1.24575 187
1.24658 186
1.24741 185
1.24825 184
1.24908 183
1.24991 182
1.25215 180
1.25244 179
1.25327 178
1.2541 176
1.25493 174
1.25577 173
1.25669 172
1.25746 171
1.25829 169
1.25913 168
1.25964 169
1.26047 170
1.26167 169
1.26249 167
1.26251 168
1.26546 169
1.26581 168
1.26629 169
1.26633 170
1.26665 171
1.26716 172
1.26831 171
1.26831 172
1.26837 173
1.26921 174
1.26924 175
1.27007 176
1.27049 177
1.27253 175
1.2726 176
1.27343 177
1.27423 178
1.27468 179
1.27551 180
1.27589 181
1.27679 182
1.27682 183
1.27762 184
1.27765 185
1.27929 184
1.28012 185
1.28095 184
1.28095 185
1.28345 184
1.28428 185
1.28511 186
1.28844 185
1.28889 186
1.29055 187
1.29093 188
1.29177 189
1.29221 190
1.29305 191
1.29349 192
1.29433 193
1.29685 194
1.29765 195
1.29855 196
1.29932 195
1.29932 196
1.29938 197
1.29941 198
1.29945 199
1.30015 198
1.30025 199
1.30028 200
1.3006 201
1.30114 202
1.30143 203
1.30361 202
1.30444 203
1.30476 204
1.30527 205
1.30559 206
1.3061 207
1.30617 208
1.307 209
1.30812 210
1.30895 211
1.31196 212
1.31279 210
1.31362 211
1.31397 212
1.31481 213
1.31484 214
1.31529 213
1.31567 214
1.31951 215
1.31983 216
1.32034 217
1.32281 216
1.32281 217
1.32287 218
1.32364 217
1.32364 218
1.32364 219
1.3237 220
1.32447 221
1.32623 222
1.32649 223
1.32706 224
1.32732 225
1.32783 224
1.32898 225
1.32953 222
1.32981 223
1.33038 224
1.33285 222
1.33317 223
1.33369 224
1.33401 225
1.33452 226
1.33535 225
1.33785 223
1.3382 224
1.33868 223
1.33868 224
1.33903 225
1.33951 224
1.33951 225
1.33986 226
1.34034 227
1.34041 228
1.34044 229
1.34069 230
1.34127 231
1.34373 230
1.34492 231
1.3454 232
1.34575 233
1.34623 232
1.34741 233
1.34873 234
1.34908 235
1.34956 236
1.34991 237
1.35291 234
1.35455 233
1.35493 234
1.35538 232
1.35538 233
1.35577 234
1.35621 235
1.35621 236
1.35705 237
1.35961 238
1.35999 239
1.36082 240
1.36213 241
1.36543 239
1.36626 240
1.36709 241
1.36793 242
1.36799 243
1.36831 244
1.36882 245
1.36914 246
1.36969 245
1.36997 246
1.37001 247
1.37084 248
1.37215 246
1.37298 247
1.37381 248
1.37465 249
1.37506 250
1.37548 249
1.37589 250
1.37673 251
1.37756 252
1.37964 251
1.38047 252
1.3813 253
1.38132 254
1.38178 255
1.38382 254
1.38546 255
1.38594 256
1.38629 257
1.38677 258
1.38796 257
1.38927 258
1.3901 259
1.39129 258
1.3926 259
1.39295 260
1.39343 261
1.39378 262
1.39461 263
1.39545 264
1.39551 265
1.39849 266
1.39932 267
1.40101 268
1.40133 269
1.40217 270
1.40217 271
1.40223 272
1.403 273
1.40306 274
1.40636 275
1.40693 274
1.40719 275
1.40725 276
1.40809 277
1.40889 278
1.41061 279
1.41231 280
1.41308 281
1.41308 282
1.41314 283
1.41391 284
1.41474 285
1.41561 286
1.41727 287
1.41893 288
1.41893 289
1.41977 290
1.42066 291
1.42149 292
1.42313 293
1.4245 292
1.42479 293
1.42729 294
1.42812 295
1.43228 296
1.43311 297
1.43394 298
1.43477 299
1.43535 300
1.43561 301
1.43644 302
1.43644 303
1.43727 304
1.44062 303
1.44226 304
1.44482 305
1.44564 306
1.44647 307
1.44729 308
1.44812 309
1.44956 308
1.45061 309
1.45145 310
1.45228 311
1.45477 310
1.45484 311
1.45561 312
1.45567 313
1.4557 314
1.45644 313
1.45644 314
1.45653 315
1.45817 316
1.459 317
1.45906 318
1.45983 319
1.45983 320
1.45989 321
1.46066 322
1.46149 321
1.46325 322
1.46329 323
1.46409 324
1.46412 325
1.46492 326
1.46575 327
1.46658 328
1.46793 327
1.46876 328
1.46908 329
1.46914 330
1.46991 331
1.46997 332
1.47074 333
1.47077 334
1.47161 335
1.47493 334
1.47577 335
1.47579 336
1.4766 337
1.47826 338
1.47993 339
1.48076 338
1.48076 339
1.48159 340
1.48409 339
1.48658 340
1.48741 341
1.48825 342
1.4891 343
1.48914 344
1.48997 345
1.49244 343
1.49327 344
1.4941 345
1.49493 346
1.4966 347
1.49743 348
1.49826 349
1.49909 350
1.49993 351
1.49999 352
1.50082 353
1.50495 354
1.50661 355
1.50745 356
1.50745 357
1.50911 358
1.50994 359
1.51077 360
1.51161 359
1.51333 360
1.5141 361
1.51417 362
1.5158 363
1.51586 364
1.51663 363
1.51669 364
1.51749 365
1.51833 366
1.51916 367
1.51916 368
1.52082 369
1.52332 368
1.52415 367
1.52415 368
1.52421 369
1.52498 370
1.52498 371
1.52498 372
1.52505 373
1.52581 374
1.52581 375
1.52834 376
1.52834 377
1.52841 376
1.52895 377
1.52917 378
1.52917 379
1.53001 380
1.53013 381
1.53089 382
1.53097 383
1.53262 384
1.53349 385
1.53596 383
1.53602 384
1.53679 385
1.53685 386
1.53727 387
1.53762 388
1.5381 389
1.5381 390
1.54021 391
1.54105 392
1.54393 393
1.54476 394
1.54601 395
1.54684 394
1.5469 395
1.54773 396
1.54937 394
1.5502 393
1.55103 392
1.55186 391
1.55269 390
1.55353 389
1.55436 388
1.55529 387
1.55605 386
1.55689 385
1.55772 384
1.55945 382
1.56028 381
1.56111 380
1.56277 378
1.56361 377
1.56444 376
1.56527 375
1.5661 374
1.567 373
1.56783 372
1.56866 371
1.56949 370
1.57033 369
1.57116 368
1.57199 367
1.57285 366
1.57369 365
1.57493 364
1.57538 363
1.57621 362
1.57705 361
1.57791 360
1.57874 359
1.57957 358
1.58041 357
1.58124 356
1.58207 355
1.5829 354
1.58373 353
1.58459 352
1.58542 351
1.58625 350
1.58708 349
1.58791 348
1.58958 346
1.59041 345
1.59205 343
1.59289 342
1.59372 341
1.59493 340
1.59623 338
1.59705 337
1.59788 336
1.59871 335
1.59993 334
1.60037 333
1.60121 332
1.60204 331
1.60287 330
1.6037 329
1.60453 328
1.60495 327
1.60578 326
1.60703 325
1.60786 324
1.60869 323
1.60911 322
1.60994 321
1.61119 320
1.61202 319
1.61285 318
1.61454 316
1.61703 313
1.61785 312
1.61833 311
1.61916 310
1.62034 309
1.62117 308
1.62201 307
1.62249 306
1.62332 305
1.62452 304
1.62533 303
1.62617 302
1.627 301
1.62785 300
1.62917 298
1.63001 297
1.63118 296
1.63201 295
1.63284 294
1.63367 293
1.63426 292
1.63509 291
1.63615 290
1.63698 289
1.63781 288
1.63849 287
1.63932 286
1.64015 285
1.64098 284
1.64199 283
1.64281 282
1.64351 281
1.64434 280
1.64532 279
1.64613 278
1.64697 277
1.64767 276
1.6485 275
1.64946 274
1.65029 273
1.65186 271
1.65269 270
1.65353 269
1.65436 268
1.65529 267
1.65612 266
1.65863 263
1.65945 262
1.66028 261
1.66111 260
1.66194 259
1.66277 258
1.66361 257
1.66444 256
1.66527 255
1.6661 254
1.66693 253
1.66862 251
1.66943 250
1.67026 249
1.67109 248
1.67195 247
1.67278 246
1.67361 245
1.67455 244
1.67525 243
1.67609 242
1.67692 241
1.67775 240
1.67858 239
1.67943 238
1.68027 237
1.6811 236
1.68193 235
1.68276 234
1.68359 233
1.68524 231
1.68607 230
1.6866 229
1.68942 226
1.69023 225
1.69106 224
1.69189 223
1.69273 222
1.69358 221
1.69415 220
1.69498 219
1.69581 218
1.69689 217
1.69772 216
1.69855 215
1.69914 214
1.69938 215
1.69954 216
1.70273 215
1.70287 216
1.7037 217
1.70523 218
1.70748 217
1.7077 218
1.70855 219
1.70869 220
1.70953 221
1.71271 220
1.71452 221
1.71521 222
1.71602 223
1.71769 222
1.71937 221
1.72103 222
1.72187 223
1.72367 224
1.72519 223
1.727 222
1.72783 223
1.72933 224
1.73017 223
1.73017 224
1.73019 225
1.731 226
1.73102 227
1.73268 228
1.73351 229
1.735 228
1.73518 229
1.73601 228
1.73851 229
1.73865 230
1.74348 229
1.7435 230
1.74518 229
1.74683 228
1.74849 227
1.75015 228
1.75097 229
1.75113 230
1.75196 231
1.75596 227
1.75695 228
1.75764 229
1.75778 230
1.75929 231
1.76261 232
1.76345 231
1.76345 232
1.76444 233
1.76527 234
1.76693 235
1.76777 236
1.76927 235
1.77012 236
1.77095 237
1.77233 236
1.7726 237
1.77261 238
1.77343 239
1.77759 240
1.77842 239
1.77842 240
1.77858 241
1.77925 242
1.77927 243
1.77941 244
1.7801 245
1.78011 246
1.78258 247
1.78593 245
1.78607 246
1.7869 247
1.78759 248
1.78841 249
1.78926 250
1.79173 251
1.79189 252
1.79244 251
1.79259 252
1.79273 253
1.79508 251
1.79514 252
1.79762 253
1.79938 254
1.80021 255
1.80105 256
1.80255 255
1.8034 256
1.80421 257
1.80507 258
1.80839 257
1.81015 258
1.8102 259
1.81097 260
1.81172 261
1.81337 260
1.81431 261
1.81503 262
1.81669 261
1.81685 262
1.81687 263
1.81769 264
1.81769 265
1.82002 264
1.82087 265
1.82171 266
1.82351 267
1.82351 268
1.82753 269
1.82834 270
1.82932 271
1.8325 269
1.83333 268
1.83356 269
1.83417 270
1.83433 271
1.83516 272
1.83833 273
1.83853 274
1.83918 275
1.83929 276
1.84274 277
1.84334 278
1.84431 279
1.84514 280
1.84665 279
1.84999 278
1.85164 279
1.85247 280
1.85346 281
1.8558 280
1.85665 281
1.86164 282
1.86345 283
1.86414 284
1.86428 285
1.86663 284
1.86761 285
1.86828 286
1.8683 287
1.86913 288
1.87079 287
1.8726 288
1.87343 289
1.87412 288
1.87662 287
1.87909 286
1.88076 287
1.88244 288
1.88258 289
1.88297 288
1.88325 289
1.88341 290
1.88463 289
1.88494 290
1.88527 291
1.88825 289
1.8891 290
1.88991 291
1.89326 292
1.89548 291
1.89575 292
1.90156 290
1.90239 291
1.90239 292
1.90322 293
1.90657 292
1.90823 293
1.91156 294
1.91253 295
1.91323 296
1.91337 297
1.91739 295
1.9182 294
1.91836 295
1.91903 296
1.91919 297
1.91986 298
1.91988 299
1.92085 300
1.92385 299
1.92569 298
1.92569 299
1.92652 300
1.92737 301
1.9282 302
1.92985 301
1.93068 302
1.9307 303
1.93084 304
1.93155 305
1.93167 306
1.93468 303
1.93583 304
1.9365 305
1.93733 306
1.93733 307
1.93817 308
1.94068 307
1.94235 308
1.94473 307
1.94482 308
1.94565 309
1.94815 310
1.94898 311
1.94981 312
1.94981 313
1.95065 314
1.95314 313
1.9533 314
1.95413 315
1.95921 312
1.96245 310
1.96313 309
1.96329 310
1.96398 311
1.96481 312
1.96978 311
1.97061 312
1.97394 310
1.97511 311
1.97731 312
1.98013 313
1.98183 314
1.98325 315
1.98409 316
1.98725 315
1.98811 316
1.98895 317
1.98977 318
1.9906 319
1.9931 318
1.99476 319
1.9949 320
1.99724 318
1.99809 319
2.00142 318
2.00391 317
2.00405 318
2.00421 319
2.00425 320
2.00489 321
2.00558 322
2.00641 323
2.00807 322
2.01307 319
2.01316 320
2.01404 321
2.01487 322
2.01804 321
2.01815 322
2.01887 323
2.02055 324
2.02069 325
2.02153 326
2.02553 324
2.02721 325
2.02887 324
2.02901 325
2.03135 324
2.03303 325
2.0347 324
2.03649 325
2.03717 326
2.03719 327
2.03801 326
2.03801 327
2.03817 328
2.03886 329
2.039 330
2.04219 328
2.04385 327
2.04399 328
2.04635 327
2.04882 326
2.04884 327
2.04986 328
2.05231 329
2.05298 330
2.05314 331
2.05381 332
2.05383 333
2.05397 334
2.05465 333
2.05467 334
2.05481 335
2.05633 334
2.06049 332
2.06297 333
2.06382 334
2.06629 333
2.06796 334
2.07061 335
2.07131 336
2.07214 337
2.07493 338
2.07644 339
2.07746 340
2.07963 339
2.08046 340
2.08295 339
2.08545 337
2.08559 338
2.08876 337
2.09044 338
2.09292 336
2.09627 335
2.09959 332
2.10126 333
2.10457 334
2.1054 335
2.10623 334
2.10623 335
2.10805 336
2.11124 335
2.11291 334
2.11374 335
2.11623 334
2.11871 332
2.11954 331
2.11956 332
2.1197 333
2.12039 334
2.12053 335
2.12453 332
2.12537 331
2.1262 330
2.12955 326
2.13287 322
2.13371 321
2.13703 317
2.13787 316
2.1387 315
2.14038 313
2.14133 312
2.14286 310
2.14452 308
2.14535 307
2.14619 306
2.14702 305
2.14785 304
2.14951 302
2.15116 300
2.15201 299
2.15365 297
2.15441 296
2.15532 295
2.15714 293
2.15797 292
2.15865 291
2.15948 290
2.16026 289
2.16116 288
2.16283 286
2.16362 285
2.16447 284
2.1653 283
2.16699 281
2.16784 280
2.16948 278
2.17045 277
2.17281 276
2.17531 274
2.17703 275
2.1778 276
2.17783 277
2.17869 278
2.17873 279
2.17877 280
2.18196 281
2.18277 280
2.18529 278
2.18785 276
2.19111 273
2.19125 274
2.19209 275
2.19541 276
2.20027 273
2.2011 274
2.20274 273
2.20357 272
2.20526 271
2.2053 272
2.207 273
2.20859 272
2.20956 273
2.21358 270
2.21541 271
2.21711 270
2.21797 271
2.22121 272
2.22204 273
2.22287 274
2.2262 271
2.22703 272
2.22869 273
2.22939 274
2.23052 275
2.23105 274
2.23119 275
2.23202 276
2.23519 274
2.23937 272
2.24187 273
2.24201 274
2.24284 275
2.24436 276
2.2445 277
2.2485 276
2.25017 277
2.25435 276
2.25449 277
2.25532 278
2.25615 279
2.25698 280
2.26431 279
2.26431 280
2.26447 281
2.26514 282
2.2653 283
2.26601 284
2.26613 285
2.2691 284
2.27184 282
2.27196 283
2.27279 284
2.27362 285
2.27469 286
2.27681 284
2.27695 285
2.27778 286
2.27931 285
2.28261 284
2.28361 285
2.2843 286
2.28444 287
2.28444 288
2.28527 289
2.28677 288
2.28693 289
2.28761 288
2.28761 289
2.28777 290
2.28844 291
2.29026 292
2.29428 290
2.29564 288
2.29595 289
2.29775 290
2.29858 291
2.29941 292
2.30343 290
2.30427 291
2.30441 292
2.30524 293
2.30757 292
2.30857 293
2.30924 294
2.31007 295
2.31106 296
2.31189 297
2.31342 298
2.31675 297
2.31924 296
2.32105 297
2.32421 296
2.32507 297
2.3259 298
2.32758 297
2.3277 298
2.33006 299
2.33089 300
2.33103 301
2.33253 300
2.33436 301
2.33671 300
2.33836 299
2.33852 300
2.33921 301
2.33935 302
2.34004 303
2.34254 302
2.34517 300
2.34834 298
2.34917 299
2.34933 300
2.35001 301
2.35017 302
2.351 303
2.35183 304
2.35417 303
2.35765 302
2.35849 303
2.36015 304
2.36397 302
2.36514 303
2.3693 302
2.37013 303
2.3733 301
2.37415 302
2.37596 303
2.38081 299
2.38345 297
2.38428 298
2.38497 299
2.3858 300
2.38844 299
2.38927 300
2.3901 301
2.39327 299
2.39493 300
2.39509 301
2.39593 302
2.3966 301
2.3966 302
2.39842 303
2.40009 304
2.40092 305
2.40565 302
2.40575 303
2.40841 304
2.40924 305
2.4109 306
2.41324 307
2.41326 308
2.41659 306
2.41825 304
2.41922 305
2.41991 306
2.42005 307
2.42075 308
2.42172 309
2.42255 310
2.42255 311
2.42338 312
2.42588 311
2.42671 310
2.42671 311
2.43239 309
2.43503 308
2.44002 304
2.44085 305
2.44487 302
2.44903 301
2.4507 302
2.45084 303
2.45167 304
2.45583 300
2.45819 299
2.45821 300
2.46235 296
2.4632 297
2.46482 296
2.46565 297
2.46573 298
2.46651 299
2.46909 298
2.46913 299
2.47247 297
2.47481 296
2.47564 297
2.4758 298
2.47663 299
2.47914 298
2.48067 297
2.48162 298
2.485 297
2.48645 296
2.48745 297
2.48828 298
2.49061 296
2.49228 295
2.4923 296
2.49563 294
2.49577 295
2.4966 296
2.50242 292
2.50325 293
2.50325 294
2.50395 293
2.50409 294
2.50492 295
2.50658 296
2.50741 297
2.50825 298
2.50892 299
2.5106 298
2.5149 299
2.51559 300
2.51573 301
2.51641 302
2.51669 303
2.51807 304
2.52156 301
2.52475 300
2.52558 299
2.53055 295
2.53221 296
2.53653 294
2.53903 295
2.53986 294
2.54153 295
2.54319 296
2.54569 297
2.54652 298
2.54719 299
2.54804 300
2.55054 299
2.55234 300
2.55387 301
2.56056 300
2.56254 299
2.56549 296
2.56718 297
2.56732 298
2.56815 299
2.57134 297
2.57231 298
2.57314 299
2.57397 300
2.57631 301
2.5773 302
2.57799 303
2.57813 304
2.5798 305
2.58132 306
2.58229 307
2.58297 306
2.58299 307
2.58313 308
2.58382 309
2.5855 308
2.59145 309
2.59212 310
2.59228 311
2.59527 310
2.59547 311
2.59632 312
2.59963 311
2.60455 309
2.60464 310
2.60793 307
2.60878 308
2.60961 309
2.61543 310
2.61724 311
2.61807 312
2.61874 311
2.61945 312
2.61957 313
2.62128 314
2.62294 313
2.6246 314
2.62708 315
2.62875 314
2.63124 313
2.63207 314
2.63291 315
2.63305 316
2.63388 317
2.63956 318
2.64123 319
2.64206 320
2.64303 319
2.64705 316
2.64885 317
2.64969 318
2.65123 317
2.65206 318
2.65287 319
2.65454 318
2.65551 317
2.6562 316
2.65787 314
2.65868 313
2.65951 312
2.66038 311
2.66204 309
2.66288 308
2.66369 307
2.6645 306
2.66533 305
2.66619 304
2.667 303
2.66783 302
2.66868 301
2.66955 300
2.67033 299
2.67116 298
2.67203 297
2.67286 296
2.67365 295
2.67449 294
2.67532 293
2.67617 292
2.677 291
2.67781 290
2.67865 289
2.68031 287
2.68114 286
2.68197 285
2.68281 284
2.68364 283
2.68447 282
2.6853 283
2.68615 284
2.68699 285
2.69115 284
2.69279 283
2.69362 284
2.69461 285
2.69532 286
2.69545 287
2.6978 286
2.69863 287
2.69947 288
2.70279 287
2.70293 288
2.70377 289
2.70529 288
2.7078 289
2.70947 290
2.70959 291
2.71042 292
2.71125 293
2.71196 294
2.71209 295
2.71278 296
2.71361 297
2.71375 298
2.71375 299
2.71458 300
2.71777 299
2.71874 300
2.71957 301
2.72028 302
2.72112 301
2.72274 300
2.7269 299
2.72786 300
2.72857 301
2.72955 302
2.73106 301
2.73191 302
2.73273 303
2.73538 304
2.73776 305
2.73855 306
2.7394 307
2.74038 308
2.74286 306
2.7437 307
2.74453 308
2.74453 309
2.74537 310
2.7462 311
2.74689 312
2.74703 313
2.74772 314
2.74772 315
2.74855 314
2.74855 315
2.74869 316
2.74953 317
2.75186 316
2.75852 313
2.76121 314
2.76188 315
2.76268 314
2.76353 313
2.76434 312
2.76517 311
2.76686 309
2.76769 308
2.76852 307
2.76935 306
2.771 304
2.77183 303
2.77266 302
2.77433 300
2.77516 299
2.77599 298
2.77684 297
2.77932 294
2.78015 293
2.78102 292
2.78185 291
2.78352 289
2.78431 288
2.78514 287
2.78597 286
2.78647 285
2.78681 286
2.78847 285
2.7893 286
2.7918 284
2.79346 285
2.79445 286
2.79529 287
2.79613 288
2.79931 287
2.80097 286
2.80261 285
2.80347 286
2.80428 287
2.80761 285
2.8078 286
2.80927 287
2.81281 284
2.81426 285
2.81511 286
2.81525 287
2.81595 288
2.81609 289
2.82011 288
2.82011 289
2.82175 288
2.82196 289
2.82445 290
2.82524 291
2.82591 292
2.82757 293
2.82773 294
2.82843 295
2.8309 293
2.83173 294
2.83259 295
2.83439 296
2.83439 297
2.83522 298
2.83756 299
2.83841 300
2.83943 301
2.84172 299
2.84255 300
2.84338 301
2.8434 302
2.84588 300
2.84772 301
2.84921 300
2.85006 301
2.85753 300
2.85769 301
2.86337 299
2.86501 298
2.86517 299
2.86585 300
2.86601 301
2.86601 302
2.86684 303
2.86917 301
2.87337 302
2.87599 300
2.87682 301
2.87755 302
2.87833 303
2.88001 302
2.88116 303
2.88251 304
2.88415 303
2.88498 304
2.88583 305
2.88681 306
2.88833 305
2.89081 306
2.89106 307
2.89164 306
2.89166 307
2.89249 308
2.89429 309
2.89513 310
2.89829 311
2.89913 312
2.89915 313
2.90162 311
2.90412 310
2.90499 311
2.90511 312
2.90582 313
2.90594 314
2.90745 313
2.90913 314
2.91163 312
2.91412 313
2.91579 312
2.91743 311
2.91759 312
2.91828 313
2.91842 314
2.91842 315
2.91911 316
2.92244 312
2.92327 311
2.92575 308
2.92658 307
2.92741 306
2.92825 305
2.92908 304
2.92993 303
2.93076 302
2.93159 301
2.93324 299
2.93407 298
2.93657 295
2.9374 294
2.93823 293
2.93906 292
2.94075 290
2.94158 289
2.94324 287
2.94407 288
2.94421 289
2.94491 290
2.94505 291
2.95237 292
2.95404 291
2.95487 292
2.95822 289
2.96002 290
2.96085 291
2.96155 290
2.96652 288
2.96668 289
2.96735 290
2.96751 291
2.96785 292
2.96818 293
2.96818 294
2.97084 295
2.97151 294
2.97167 295
2.97319 294
2.97403 295
2.97567 296
2.97652 297
2.97916 298
2.97983 297
2.97999 298
2.98507 299
2.98567 300
2.98651 299
2.98734 300
2.98981 298
2.99065 299
2.99399 300
2.99483 299
2.99483 300
2.9973 299
2.99815 300
2.99899 301
3.00233 298
3.00479 296
3.00661 297
3.00731 298
3.00745 299
3.00978 298
3.00994 299
3.01065 300
3.01077 301
3.01161 302
3.01394 301
3.01561 300
3.01646 301
3.0166 302
3.01743 303
3.01993 304
3.02076 305
3.02076 306
3.02395 305
3.02559 306
3.0266 307
3.02741 308
3.02825 309
3.02977 310
3.02991 311
3.03074 312
3.03143 311
3.03393 312
3.03415 313
3.0349 314
3.03498 315
3.03573 316
3.03581 317
3.03643 318
3.03807 316
3.03906 317
3.03989 316
3.04057 315
3.0414 314
3.04225 313
3.04389 311
3.04473 310
3.04556 309
3.04639 308
3.04722 307
3.04821 306
3.04889 305
3.04972 304
3.0514 302
3.05223 301
3.0539 299
3.05473 298
3.05556 297
3.05639 296
3.05723 295
3.05806 294
3.05889 293
3.05972 292
3.06057 291
3.0614 290
3.06307 288
3.06388 287
3.06485 286
3.06555 285
3.06719 283
3.06802 282
3.06804 283
3.06818 284
3.06901 285
3.06985 286
3.07151 287
3.07151 288
3.0722 289
3.07234 290
3.0747 289
3.07717 287
3.0805 285
3.08133 284
3.08137 285
3.08149 286
3.08217 287
3.0822 288
3.08233 289
3.08316 290
3.08399 291
3.08635 290
3.08884 291
3.09051 292
3.09134 291
3.09134 292
3.09148 293
3.09231 294
3.09465 293
3.09548 294
3.09647 295
3.0973 296
3.09964 295
3.10047 296
3.10297 297
3.1038 298
3.10382 299
3.10396 300
3.10479 301
3.10812 300
3.11212 299
3.1138 300
3.1163 301
3.11977 300
3.1206 301
3.12127 302
3.12462 301
3.12626 300
3.12626 301
3.12711 302
3.12892 303
3.13292 300
3.13375 301
3.13541 302
3.13795 303
3.13959 302
3.14041 301
3.14126 302
3.14209 303
3.14377 302
3.14627 301
3.14639 302
3.14791 303
3.15041 304
3.15292 305
3.15376 306
3.1554 307
3.15623 308
3.15721 309
3.15954 307
3.16121 308
3.16204 309
3.16553 310
3.16871 311
3.17036 310
3.17119 311
3.17202 312
3.17285 313
3.17456 314
3.17535 315
3.17551 316
3.17615 315
3.17701 314
3.17785 313
3.17868 312
3.17951 311
3.18034 310
3.18201 308
3.18284 307
3.18367 306
3.18452 305
3.18533 304
3.18617 303
3.187 302
3.18868 300
3.19033 298
3.19116 297
3.19199 296
3.19365 294
3.19449 293
3.19532 292
3.19631 291
3.19668 290
3.19781 289
3.19952 287
3.20033 286
3.20075 285
3.20281 283
3.20364 282
3.20451 283
3.20713 284
3.20863 283
3.20946 284
3.21029 285
3.21529 283
3.21612 284
3.21617 285
3.2162 286
3.21861 285
3.2195 286
3.21961 287
3.22032 288
3.22039 289
3.22277 288
3.22444 287
3.22446 288
3.22693 287
3.22959 286
3.23442 283
3.23525 284
3.23609 285
3.23692 286
3.24025 287
3.24028 288
3.24041 289
3.24193 288
3.24357 287
3.24441 288
3.2469 287
3.24777 288
3.25209 287
3.25356 285
3.25439 286
3.25468 287
3.25522 288
3.25628 289
3.25857 290
3.25938 289
3.25938 290
3.2594 291
3.2619 292
3.26273 293
3.26287 294
3.26608 293
3.26774 294
3.26857 295
3.26937 294
3.27105 293
3.27519 291
3.27602 292
3.27685 293
3.27935 291
3.28018 292
3.28034 293
3.28117 294
3.28185 293
3.28517 292
3.28935 293
3.29017 294
3.29349 293
3.29516 292
3.29615 293
3.29682 294
3.29765 295
3.29765 296
3.301 297
3.30197 298
3.30764 297
3.30849 298
3.31113 299
3.31263 300
3.31369 301
3.31433 302
3.31695 300
3.31845 299
3.31945 300
3.32012 301
3.32095 302
3.32111 303
3.32178 304
3.32212 305
3.32261 306
3.32428 307
3.32596 308
3.3261 309
3.3261 310
3.32679 311
3.32679 312
3.32763 313
3.33012 312
3.33177 311
3.3318 312
3.33264 313
3.33509 311
3.33842 309
3.33858 310
3.33941 311
3.34092 310
3.34175 311
3.3451 309
3.34607 310
3.34924 309
3.35009 310
3.35189 311
3.35425 312
3.35508 313
3.35758 312
3.36089 308
3.36278 309
3.36421 308
3.36521 309
3.36937 310
3.37339 311
3.3742 310
3.37422 311
3.37755 312
3.38085 309
3.38172 310
3.38668 311
3.38753 312
3.38917 311
3.39167 312
3.39183 313
3.3925 314
3.39266 315
3.39335 316
3.39349 317
3.395 315
3.39583 314
3.39666 313
3.39833 311
3.39916 310
3.40001 309
3.40082 308
3.40165 307
3.40332 305
3.40415 304
3.405 303
3.40638 301
3.4075 300
3.40833 299
3.40916 298
3.41013 297
3.41083 296
3.41166 295
3.41247 294
3.4133 293
3.41413 292
3.41497 291
3.41582 290
3.41665 289
3.41829 287
3.41913 286
3.41998 287
3.42162 288
3.42495 287
3.42578 288
3.42661 289
3.42661 290
3.42911 289
3.42994 290
3.43079 291
3.43163 292
3.4326 293
3.43593 294
3.43676 295
3.43743 296
3.43826 295
3.44325 296
3.4466 297
3.44991 296
3.45076 297
3.45241 296
3.45241 297
3.45324 298
3.45326 299
3.45409 300
3.4549 301
3.45573 302
3.45575 303
3.45742 301
3.46158 300
3.46326 301
3.46576 302
3.46657 303
3.46905 301
3.4699 302
3.47154 301
3.47237 302
3.47253 303
3.47321 304
3.47337 305
3.47487 304
3.47903 305
3.47988 306
3.48236 304
3.48252 305
3.48319 306
3.48404 307
3.48485 306
3.48569 307
3.4882 306
3.49006 307
3.49204 305
3.4925 306
3.4965 303
3.49749 304
3.50149 300
3.50415 299
3.50567 297
3.50734 298
3.50734 299
3.50981 298
3.51481 295
3.51566 296
3.51732 297
3.52398 298
3.52729 299
3.52729 300
3.52814 301
3.52897 302
3.53147 303
3.53311 302
3.53396 303
3.53479 304
3.53895 305
3.54143 304
3.54393 303
3.54642 302
3.54811 303
3.54977 304
3.55225 303
3.5531 304
3.55393 305
3.55476 306
3.55809 307
3.55892 308
3.55892 309
3.56227 307
3.56389 305
3.56473 304
3.56556 303
3.56639 302
3.56722 301
3.56805 300
3.56972 298
3.57055 297
3.57138 296
3.57388 293
3.57471 292
3.57473 293
3.57554 294
3.57639 295
3.5814 294
3.58224 295
3.58305 296
3.58469 295
3.58719 296
3.58802 297
3.58889 298
3.59301 297
3.59305 298
3.59388 299
3.59551 300
3.59636 301
3.59719 302
3.59733 303
3.59817 304
3.59971 305
3.59983 306
3.60054 305
3.60066 306
3.60217 305
3.60233 306
3.603 307
3.60316 308
3.60466 307
3.60716 306
3.60886 307
3.61134 306
3.61217 305
3.61381 303
3.61633 300
3.61714 299
3.61797 298
3.6198 297
3.62134 298
3.62217 299
3.62629 296
3.62713 297
3.63145 298
3.63561 295
3.63713 294
3.64046 292
3.64309 293
3.64543 292
3.64559 293
3.64628 294
3.64795 293
3.65125 292
3.65377 293
3.65791 290
3.65806 291
3.65957 290
3.66041 291
3.66126 292
3.6629 291
3.66306 292
3.66625 290
3.66708 291
3.66956 290
3.67041 291
3.67205 290
3.67455 289
3.6754 290
3.67873 289
3.68124 288
3.68208 289
3.68372 290
3.68953 288
3.69038 289
3.69121 290
3.69121 291
3.6962 290
3.69703 291
3.6987 292
3.69884 293
3.70119 292
3.70452 289
3.70549 290
3.70617 291
3.70633 292
3.70633 293
3.70785 294
3.71033 295
3.71116 294
3.71451 295
3.72033 296
3.72199 295
3.72364 294
3.7278 295
3.72867 296
3.73033 297
3.73329 293
3.73531 292
3.73545 293
3.73628 294
3.7378 295
3.73961 296
3.73964 297
3.74279 295
3.74531 293
3.74943 290
3.75042 291
3.75076 290
3.75109 291
3.75109 292
3.75541 293
3.75708 294
3.75708 295
3.75941 294
3.76127 295
3.76207 296
3.76457 297
3.76457 298
3.76609 299
3.76775 300
3.77106 298
3.77522 295
3.77607 296
3.77772 295
3.77859 296
3.77942 297
3.78606 294
3.7877 293
3.78937 292
3.79188 291
3.79438 290
3.79769 289
3.79951 290
3.80101 291
3.80351 290
3.80434 291
3.80517 292
3.80854 290
3.80866 291
3.80949 292
3.81183 293
3.81433 292
3.81854 291
3.82098 290
3.82181 291
3.82267 292
3.82281 293
3.82364 294
3.82597 295
3.82697 296
3.83013 294
3.83431 291
3.83764 292
3.84178 290
3.84594 289
3.84598 290
3.84681 291
3.84763 292
3.85426 288
3.85868 285
3.86425 284
3.8645 285
3.86926 281
3.8694 282
3.87023 283
3.871 284
3.87189 285
3.8734 284
3.87356 285
3.87425 286
3.87508 287
3.87762 284
3.87781 285
3.87924 286
3.88505 284
3.88754 283
3.89337 284
3.8942 285
3.90002 284
3.9042 285
3.90501 286
3.90587 287
3.90917 284
3.91266 285
3.91335 286
3.91349 287
3.91583 285
3.91751 286
3.91765 287
3.91999 286
3.92082 287
3.92332 286
3.92665 285
3.92748 284
3.92831 285
3.92914 286
3.9293 287
3.92997 288
3.92997 289
3.93013 290
3.93555 286
3.9358 287
3.93663 288
3.93748 289
3.93915 288
3.93929 289
3.94079 288
3.94162 289
3.94495 290
3.94661 289
3.9483 288
3.94915 289
3.95177 290
3.95493 289
3.95579 290
3.95743 289
3.95828 290
3.95995 289
3.96158 288
3.96159 289
3.96159 290
3.96242 289
3.96409 288
3.96492 289
3.96575 290
3.96658 291
3.96912 290
3.97173 291
3.97257 292
3.97573 293
3.97657 294
3.97989 291
3.98421 289
3.98574 290
3.98821 288
3.98905 287
3.98907 288
3.99404 285
3.99487 286
3.99572 287
3.99739 288
3.9982 289
3.99822 290
3.99905 289
4.00571 290
4.0107 289
4.01236 290
4.0165 285
4.01733 286
4.01819 287
4.01974 286
4.01985 287
4.02399 286
4.02484 287
4.02651 285
4.02734 286
4.03075 287
4.0315 288
4.03397 287
4.03481 288
4.03564 289
4.03647 290
4.0373 291
4.03813 292
4.03813 293
4.03984 294
4.04067 295
4.04146 296
4.04231 297
4.04349 298
4.04566 297
4.04732 298
4.04899 296
4.05148 294
4.05394 293
4.05477 294
4.05477 295
4.05561 296
4.05812 297
4.06143 294
4.06226 293
4.06226 294
4.06242 295
4.06309 296
4.06309 297
4.06325 298
4.06478 299
4.06727 298
4.06825 299
4.06908 300
4.07141 299
4.07228 300
4.07724 299
4.07807 300
4.07906 301
4.07975 302
4.0814 301
4.08225 302
4.08655 301
4.08889 300
4.08976 301
4.08988 302
4.09223 300
4.09471 299
4.09471 300
4.09637 299
4.09804 300
4.09887 299
4.09891 300
4.09903 301
4.10236 302
4.10553 301
4.10719 302
4.10723 303
4.10887 302
4.11222 300
4.11468 298
4.11553 299
4.11717 298
4.11818 299
4.11884 298
4.119 299
4.11971 300
4.11983 301
4.12387 297
4.12553 298
4.12565 299
4.12716 298
4.13132 297
4.13307 298
4.13381 299
4.13548 298
4.13698 297
4.13883 298
4.13964 299
4.13966 300
4.14049 301
4.14213 300
4.14297 301
4.14631 300
4.14964 299
4.15061 300
4.15129 299
4.15129 300
4.15145 301
4.15212 302
4.15295 303
4.15297 304
4.15461 303
4.15673 302
4.15868 301
4.15963 302
4.16046 303
4.16229 304
4.16377 303
4.16462 304
4.16545 305
4.16628 306
4.16876 304
4.16961 305
4.17209 303
4.17458 302
4.17708 301
4.17797 302
4.17973 303
4.18041 304
4.18124 303
4.18126 304
4.18373 303
4.18459 304
4.18623 303
4.19122 304
4.19124 305
4.1954 303
4.19788 301
4.19873 302
4.19956 303
4.2022 304
4.20537 303
4.20707 304
4.20869 305
4.20885 306
4.20955 307
4.21202 305
4.21535 304
4.21785 303
4.21788 304
4.22036 305
4.2205 306
4.22119 307
4.22284 306
4.22367 305
4.2245 306
4.2245 307
4.22533 306
4.22535 307
4.22716 308
4.22787 309
4.22951 308
4.23203 309
4.23286 310
4.23465 311
4.23615 310
4.23698 309
4.23698 310
4.23948 308
4.24197 307
4.24546 308
4.24946 307
4.24964 308
4.25031 309
4.25196 308
4.25283 309
4.25449 310
4.25711 311
4.25794 312
4.25945 311
4.26028 312
4.26111 313
4.26362 314
4.2645 315
4.26612 314
4.26844 315
4.2686 316
4.26862 317
4.27109 315
4.27292 316
4.27525 315
4.27611 316
4.27625 317
4.27858 315
4.27874 316
4.28111 317
4.28193 318
4.28276 319
4.28359 320
4.28443 321
4.28526 322
4.28526 323
4.28857 322
4.2894 321
4.28942 322
4.29193 321
4.29945 313
4.30193 311
4.30204 312
4.30209 313
4.30441 312
4.30773 313
4.30857 314
4.30857 315
4.3094 316
4.31106 317
4.31189 316
4.31356 314
4.31439 313
4.31522 312
4.31611 311
4.31774 309
4.31857 308
4.3194 307
4.32107 305
4.3219 304
4.32271 303
4.32354 302
4.32437 301
4.32521 300
4.32606 299
4.3277 297
4.32853 296
4.32937 295
4.3302 294
4.33105 293
4.33186 292
4.33269 291
4.33438 289
4.33687 286
4.33935 283
4.34018 282
4.34102 281
4.34114 282
4.34268 281
4.34355 282
4.34603 281
4.34769 282
4.35102 281
4.35113 282
4.35266 281
4.35684 280
4.35861 281
4.36015 280
4.36265 279
4.36431 280
4.36514 279
4.36777 280
4.36934 279
4.37015 280
4.37036 281
4.3718 282
4.37263 281
4.37267 282
4.37348 283
4.37442 284
4.37596 285
4.37845 284
4.37929 285
4.38012 286
4.38095 285
4.38097 286
4.38274 285
4.38369 286
4.38511 287
4.3853 288
4.38594 289
4.38761 288
4.38786 289
4.38844 290
4.39509 289
4.39595 290
4.39615 291
4.39842 290
4.39855 291
4.39938 292
4.39952 293
4.40033 294
4.40284 295
4.40357 296
4.40357 297
4.40441 298
4.40757 297
4.40841 298
4.4094 299
4.41023 300
4.41173 299
4.41273 300
4.41344 301
4.41427 302
4.41689 301
4.42089 299
4.42428 297
4.42593 298
4.42841 299
4.43173 298
4.43217 299
4.43324 298
4.4334 299
4.43353 300
4.43762 297
4.44018 295
4.44341 292
4.44517 293
4.44833 292
4.4523 289
4.45673 290
4.45756 289
4.45758 290
4.45841 291
4.45841 292
4.45849 293
4.45924 294
4.46174 295
4.46181 296
4.46255 297
4.46421 296
4.46507 297
4.46514 298
4.47087 299
4.47124 300
4.4717 301
4.47503 298
4.47669 299
4.47753 298
4.47753 299
4.48002 298
4.48178 299
4.48335 300
4.48587 301
4.4867 302
4.48753 303
4.49252 302
4.49335 303
4.495 302
4.49668 301
4.50082 298
4.50332 299
4.50583 300
4.5075 299
4.51081 300
4.5109 301
4.51247 302
4.51913 299
4.51996 300
4.52245 301
4.52247 302
4.52665 303
4.52911 301
4.52994 302
4.5309 303
4.53327 301
4.53579 302
4.53589 303
4.53826 301
4.53909 300
4.54161 301
4.54175 302
4.54258 303
4.54494 301
4.54908 299
4.55173 300
4.55407 298
4.5549 297
4.55657 296
4.55908 297
4.56158 295
4.56322 294
4.5661 295
4.56657 296
4.56988 294
4.57073 295
4.57154 296
4.57239 297
4.57253 298
4.57323 299
4.57988 298
4.58071 299
4.58085 300
4.58169 301
4.58238 302
4.58834 303
4.59151 302
4.59167 303
4.5925 304
4.59567 305
4.59916 304
4.59985 303
4.59999 304
4.60149 303
4.60482 304
4.60898 301
4.60981 302
4.61065 303
4.61231 304
4.61564 300
4.6173 301
4.6198 300
4.62063 301
4.62148 302
4.62329 303
4.62745 304
4.62812 305
4.62895 306
4.62978 307
4.63067 308
4.63077 309
4.63147 310
4.63313 308
4.63561 309
4.6381 308
4.6406 309
4.64559 308
4.64894 309
4.64977 310
4.6549 311
4.65573 312
4.65643 313
4.65989 310
4.6606 311
4.66306 310
4.66556 311
4.66656 312
4.66805 311
4.67055 310
4.6714 311
4.67221 310
4.67307 311
4.6757 312
4.67721 311
4.67806 312
4.6822 311
4.68555 308
4.68636 307
4.68719 306
4.68802 305
4.68887 304
4.68971 303
4.69052 302
4.69135 301
4.6922 300
4.69303 299
4.69387 298
4.6947 297
4.69719 294
4.69803 293
4.69967 291
4.7005 290
4.70135 289
4.70383 286
4.70466 285
4.70565 286
4.70884 287
4.70967 288
4.7126 287
4.713 288
4.71314 289
4.71383 288
4.71397 289
4.72049 290
4.72297 289
4.72546 288
4.72629 287
4.72713 288
4.72802 289
4.73051 290
4.73228 291
4.73295 290
4.73378 291
4.73381 292
4.73644 293
4.73961 292
4.73986 293
4.74044 292
4.7406 293
4.74075 294
4.74127 295
4.74212 296
4.74476 295
4.75042 294
4.75225 293
4.75308 294
4.75375 295
4.75708 293
4.75791 294
4.7589 295
4.75959 294
4.7654 293
4.76875 291
4.77124 292
4.77508 290
4.77538 291
4.77637 292
4.77705 291
4.78037 290
4.78053 291
4.78137 292
4.78206 293
4.78386 294
4.78453 295
4.78485 296
4.78703 295
4.78788 296
4.78869 295
4.79038 294
4.79202 293
4.79218 294
4.79287 295
4.79452 294
4.79551 295
4.79701 296
4.79868 297
4.80036 296
4.80217 295
4.80619 291
4.80951 292
4.81118 291
4.81381 290
4.81465 291
4.81532 292
4.81548 293
4.81948 292
4.82031 293
4.8238 294
4.82449 295
4.82463 296
4.8253 295
4.82532 296
4.82879 297
4.83113 298
4.83279 299
4.83295 300
4.83378 301
4.83461 302
4.83531 303
4.83877 302
4.84196 303
4.84198 304
4.84293 303
4.8446 304
4.8446 305
4.84527 306
4.84777 305
4.85028 306
4.85278 304
4.85442 303
4.85625 304
4.85874 305
4.86025 306
4.86191 307
4.8629 308
4.86441 307
4.86526 308
4.86706 309
4.86775 310
4.86789 311
4.86859 312
4.86873 313
4.87106 312
4.87191 313
4.87205 314
4.87356 313
4.87439 312
4.87689 313
4.87691 314
4.87705 315
4.88021 312
4.88271 311
4.88354 312
4.88437 311
4.88437 312
4.88869 313
4.89269 312
4.89356 313
4.89436 314
4.90103 315
4.90436 314
4.90617 315
4.90767 314
4.90852 313
4.91019 311
4.91266 308
4.91349 307
4.91433 306
4.91516 305
4.91599 304
4.91765 302
4.91849 301
4.91932 300
4.92017 299
4.92114 298
4.92265 296
4.92348 295
4.92431 294
4.92681 291
4.92764 290
4.92863 289
4.9293 288
4.93013 287
4.93097 286
4.9318 285
4.93263 284
4.93429 283
4.93445 284
4.93529 285
4.93679 284
4.94012 282
4.94028 283
4.94097 284
4.94347 283
4.9461 281
4.94844 282
4.95093 281
4.95109 282
4.95193 283
4.9526 284
4.95345 285
4.95609 286
4.95678 287
4.95927 285
4.96274 284
4.9651 282
4.96928 283
4.97173 282
4.9734 283
4.97439 284
4.97522 285
4.97589 286
4.97758 287
4.97772 288
4.97855 287
4.98172 288
4.98437 289
4.98505 290
4.98521 291
4.9859 292
4.98717 291
4.9877 292
4.98839 293
4.98853 294
4.98923 295
4.99186 296
4.99337 295
4.99671 293
4.99838 294
4.99852 295
5.00169 294
5.00335 295
5.00351 296
5.0042 297
5.00517 298
5.00668 297
5.01183 298
5.01266 299
5.01333 300
5.01417 299
5.01417 300
5.01833 297
5.01916 298
5.02165 296
5.02348 297
5.02431 298
5.02498 299
5.03083 297
5.03249 296
5.03346 297
5.03499 298
5.03913 297
5.03929 298
5.04162 297
5.04245 296
5.04495 295
5.0458 296
5.04738 295
5.04747 296
5.04911 297
5.04913 298
5.05077 296
5.05327 295
5.05413 296
5.05743 295
5.05828 296
5.05993 295
5.06092 296
5.06175 297
5.06258 298
5.06258 299
5.06425 300
5.06492 301
5.06785 299
5.07074 298
5.07157 299
5.07407 298
5.07407 299
5.07575 300
5.07673 301
5.07989 298
5.08158 297
5.0837 296
5.08655 295
5.08905 294
5.08921 295
5.09004 296
5.0957 297
5.0999 298
5.10073 299
5.10569 297
5.10652 298
5.10735 299
5.11319 297
5.11484 296
5.115 297
5.11733 295
5.11817 296
5.119 297
5.11902 298
5.12068 297
5.12082 298
5.12238 297
5.12322 298
5.12415 299
5.12482 300
5.12498 301
5.12815 299
5.129 300
5.12981 299
5.12983 300
5.13397 301
5.1358 302
5.1373 301
5.13815 302
5.13996 303
5.14063 302
5.14231 301
5.14329 302
5.14895 298
5.1541 299
5.15727 300
5.1581 299
5.1581 300
5.15979 299
5.16393 298
5.16741 299
5.16811 300
5.16977 301
5.17058 300
5.17145 301
5.17228 302
5.17478 303
5.17561 304
5.17644 305
5.17728 306
5.17823 307
5.17973 306
5.18073 307
5.1814 308
5.18572 309
5.18639 310
5.18655 311
5.18821 312
5.18892 311
5.19055 310
5.19071 311
5.19154 312
5.19388 310
5.19471 311
5.19721 310
5.19806 311
5.19972 310
5.20053 309
5.20319 310
5.20388 311
5.20402 312
5.20636 311
5.20719 312
5.20721 313
5.20969 312
5.21385 311
5.21553 310
5.21886 309
5.21969 310
5.21983 311
5.22356 310
5.22387 311
5.22633 309
5.22716 308
5.22716 309
5.23049 307
5.23134 308
5.23465 306
5.23564 307
5.23966 305
5.24132 306
5.24645 307
5.24729 308
5.24964 307
5.24978 308
5.25295 305
5.25378 304
5.25394 305
5.25461 306
5.25551 307
5.25711 306
5.2621 305
5.26293 304
5.26377 303
5.26462 302
5.26545 301
5.26711 299
5.26793 298
5.26857 297
5.26959 296
5.27042 295
5.27209 293
5.27294 294
5.27458 293
5.27791 294
5.2789 295
5.28041 293
5.2829 292
5.28373 293
5.28457 294
5.28459 295
5.28684 293
5.28706 294
5.28722 295
5.28789 296
5.28805 297
5.28875 298
5.29106 297
5.29291 298
5.2954 299
5.29621 300
5.29705 301
5.29788 300
5.30039 299
5.30287 297
5.3037 298
5.30453 299
5.30453 300
5.30788 301
5.31018 300
5.31036 301
5.31121 302
5.31369 300
5.31618 299
5.31868 298
5.32117 297
5.32217 298
5.32367 296
5.327 295
5.32799 296
5.33215 297
5.33381 296
5.33465 297
5.33534 298
5.337 297
5.33714 298
5.3395 297
5.34033 298
5.34364 297
5.3438 298
5.34613 296
5.34699 297
5.34879 298
5.34879 299
5.35029 298
5.35045 299
5.35353 297
5.36111 292
5.36363 293
5.36377 294
5.36527 295
5.36612 296
5.37028 293
5.37109 294
5.37125 295
5.37193 294
5.37195 295
5.37375 294
5.37525 295
5.37611 296
5.37874 295
5.38027 294
5.38191 293
5.38607 292
5.3869 293
5.38956 294
5.39023 295
5.39273 294
5.39358 295
5.39605 294
5.39788 295
5.39855 296
5.39938 297
5.40121 298
5.40439 296
5.40604 295
5.4102 293
5.41269 292
5.41535 293
5.41602 294
5.41785 295
5.4202 294
5.42034 295
5.42185 294
5.42201 295
5.4227 296
5.42436 294
5.43017 292
5.431 293
5.43116 294
5.43185 295
5.43199 296
5.43282 297
5.43433 296
5.43518 297
5.44265 295
5.44281 296
5.4435 297
5.44364 298
5.44597 297
5.4478 296
5.44863 297
5.45346 298
5.45431 299
5.45778 296
5.45861 297
5.4608 296
5.46345 295
5.46428 296
5.46679 295
5.46846 296
5.47012 294
5.47177 295
5.47426 294
5.47509 295
5.4826 293
5.48508 291
5.48591 292
5.48841 291
5.4909 290
5.49175 291
5.49257 292
5.49259 293
5.49423 292
5.49508 293
5.49839 290
5.49922 291
5.50255 292
5.50354 293
5.50671 292
5.50687 293
5.50853 294
5.51004 293
5.51186 294
5.51339 295
5.51503 294
5.51836 292
5.51852 293
5.51919 294
5.52002 295
5.52335 292
5.52418 291
5.52418 292
5.52503 293
5.52665 292
5.52668 293
5.52933 294
5.53169 293
5.53419 291
5.53452 292
5.53583 291
5.53682 292
5.53749 291
5.53916 292
5.53932 293
5.53999 294
5.54098 295
5.54167 296
5.545 295
5.54665 294
5.54681 295
5.5475 296
5.54833 297
5.55332 298
5.55679 299
5.55748 300
5.55762 301
5.55996 300
5.56095 301
5.56095 302
5.56331 303
5.56511 304
5.56594 305
5.56747 304
5.56927 305
5.56994 306
5.57248 305
5.57826 304
5.57842 305
5.57909 306
5.57925 307
5.57993 306
5.58341 307
5.58575 306
5.58674 307
5.59157 306
5.59241 307
5.59407 306
5.59575 305
5.59589 306
5.59673 307
5.59908 305
5.60239 306
5.60421 307
5.60505 308
5.60655 309
5.60988 308
5.61004 309
5.61073 310
5.61154 311
5.61156 312
5.61525 311
5.61669 312
5.61737 313
5.61739 314
5.61986 312
5.62002 313
5.62071 314
5.62085 315
5.62085 316
5.62402 315
5.62487 316
5.62571 315
5.62751 316
5.62985 315
5.63084 316
5.63317 317
5.63333 318
5.63403 319
5.63569 318
5.64066 313
5.64149 314
5.64482 313
5.64815 311
5.64898 310
5.64985 309
5.65068 308
5.65164 307
5.65314 305
5.65397 304
5.65481 303
5.65647 301
5.6573 300
5.65897 298
5.6598 297
5.66079 296
5.66146 295
5.66229 294
5.66479 291
5.66562 290
5.66647 289
5.66895 286
5.66978 285
5.66978 286
5.6766 287
5.67979 288
5.68226 287
5.68409 288
5.68991 289
5.69266 288
5.69308 289
5.69324 290
5.6949 291
5.69698 290
5.69724 291
5.69973 290
5.70227 291
5.70322 292
5.70389 291
5.70805 292
5.70974 291
5.71223 289
5.7222 288
5.72236 289
5.72305 290
5.72319 291
5.72388 292
5.72555 291
5.72569 292
5.72802 291
5.72901 292
5.72969 293
5.72985 294
5.7322 295
5.73301 296
5.73303 297
5.73361 296
5.73385 297
5.73385 298
5.73468 299
5.73484 300
5.73733 301
5.73756 302
5.73803 303
5.73884 302
5.739 303
5.73969 304
5.74052 305
5.74302 303
5.74633 302
5.74732 303
5.74965 301
5.75051 302
5.75134 301
5.75397 302
5.75548 301
5.75633 302
5.75881 303
5.7613 304
5.76299 303
5.76461 302
5.76463 303
5.76645 304
5.76729 305
5.76729 306
5.77045 307
5.77129 306
5.77145 307
5.77212 308
5.77378 309
5.77394 310
5.77477 311
5.77628 310
5.77713 311
5.77877 310
5.77961 309
5.7806 310
5.7846 307
5.78476 308
5.78543 309
5.78559 310
5.79125 309
5.79209 310
5.79211 311
5.79228 312
5.79474 313
5.79601 312
5.79625 313
5.7971 314
5.79807 315
5.79959 314
5.80198 312
5.80459 313
5.80473 314
5.80789 313
5.80889 314
5.80956 313
5.81039 312
5.81289 309
5.81372 308
5.81455 307
5.81538 306
5.81788 303
5.81871 302
5.81954 301
5.82037 300
5.82252 297
5.8237 296
5.82453 295
5.82537 294
5.82622 293
5.82705 292
5.82955 289
5.83119 287
5.83202 286
5.83285 285
5.83369 284
5.83785 282
5.83951 283
5.84036 284
5.84133 285
5.84217 284
5.84217 285
5.84369 286
5.8445 287
5.84619 286
5.84783 287
5.85282 283
5.85449 282
5.85617 283
5.85698 284
5.85948 285
5.86031 286
5.86213 285
5.86364 284
5.86447 283
5.86447 284
5.86697 283
5.87031 282
5.87362 281
5.87461 282
5.87612 281
5.88119 282
5.88127 283
5.8821 284
5.8821 285
5.88444 283
5.8861 284
5.88693 283
5.88695 284
5.8886 283
5.89276 282
5.89375 283
5.89458 284
5.89611 285
5.89858 283
5.90041 284
5.90108 285
5.90207 286
5.90441 287
5.90524 286
5.90524 287
5.90623 288
5.90692 289
5.90706 290
5.90859 289
5.9111 290
5.91122 291
5.91205 292
5.91356 291
5.91439 292
5.91776 293
5.9194 294
5.92121 295
5.92188 296
5.92204 297
5.92437 298
5.92703 297
5.92786 298
5.92869 299
5.93103 298
5.93186 299
5.93436 297
5.93521 298
5.93535 299
5.93604 300
5.94101 298
5.94185 299
5.94268 298
5.94434 297
5.94517 298
5.94686 299
5.94866 300
5.94949 301
5.95199 300
5.95365 299
5.95852 300
5.96017 299
5.96031 300
5.96431 299
5.96613 298
5.96764 299
5.96863 300
5.97182 301
5.97263 300
5.97762 298
5.98014 297
5.98097 298
5.98194 299
5.98594 300
5.98594 301
5.98857 300
5.99093 301
5.9926 300
5.99343 299
5.99343 300
5.99676 301
5.99793 302
6.00009 300
6.00092 301
6.00175 302
6.00191 303
6.0051 302
6.00759 300
6.00773 301
6.00857 302
6.01009 301
6.01342 302
6.01506 301
6.01591 302
6.02159 300
6.02255 299
6.02507 298
6.02521 299
6.02923 298
6.03253 297
6.03269 298
6.0342 299
6.03669 297
6.03685 298
6.03753 299
6.03919 300
6.04006 301
6.04247 299
6.04252 300
6.04418 301
6.04501 300
6.04585 301
6.05017 302
6.051 303
6.055 304
6.05516 305
6.05932 306
6.06249 303
6.06415 302
6.06498 303
6.06514 304
6.06581 305
6.06581 306
6.06831 305
6.06847 306
6.07081 305
6.0758 304
6.07663 305
6.07679 306
6.07748 307
6.08249 306
6.08412 305
6.08495 306
6.08677 307
6.08745 308
6.08761 309
6.0883 310
6.08913 311
6.09246 310
6.09509 308
6.09743 306
6.09759 307
6.09909 308
6.10175 309
6.10329 310
6.10492 308
6.10658 309
6.10687 310
6.10908 311
6.10993 312
6.11074 313
6.11324 312
6.11908 311
6.11922 312
6.12073 311
6.12156 312
6.12158 313
6.1274 312
6.13154 309
6.13337 310
6.1382 305
6.13988 306
6.14153 305
6.14985 304
6.15234 303
6.15733 300
6.16149 299
6.16665 300
6.16665 301
6.16983 300
6.16997 301
6.1773 299
6.17813 300
6.17899 301
6.17913 302
6.1798 301
6.17982 302
6.18229 301
6.18315 302
6.18645 300
6.18731 301
6.19063 299
6.19228 298
6.19228 299
6.19327 300
6.1941 301
6.19727 300
6.20143 297
6.20393 296
6.20476 297
6.20727 295
6.20741 296
6.20975 294
6.21058 295
6.21324 296
6.21474 295
6.21573 296
6.21807 295
6.21807 296
6.21818 297
6.21823 298
6.2189 299
6.2189 300
6.2189 301
6.22391 299
6.22556 300
6.22636 299
6.22639 300
6.22655 301
6.22722 302
6.22988 303
6.23221 301
6.23237 302
6.23321 303
6.23554 301
6.2357 302
6.23653 303
6.23889 304
6.23972 305
6.2422 303
6.24553 301
6.24636 302
6.24719 303
6.24719 304
6.24885 303
6.25068 302
6.25218 303
6.25301 304
6.25317 305
6.25468 304
6.25553 303
6.25636 302
6.25801 300
6.25884 299
6.25959 298
6.26066 299
6.26219 298
6.26233 299
6.26718 300
6.26884 299
6.26898 300
6.27215 298
6.27231 299
6.273 300
6.27314 301
6.27647 302
6.27881 301
6.27966 302
6.27983 303
6.28132 302
6.28215 301
6.2838 299
6.28463 298
6.28562 297
6.28881 295
6.28895 296
6.28964 297
6.29045 298
6.29137 299
6.29394 300
6.29477 301
6.29644 300
6.29794 299
6.29877 298
6.29893 299
6.30127 298
6.30226 299
6.30295 300
6.3046 299
6.30559 300
6.30626 301
6.30809 302
6.31042 301
6.31125 302
6.31294 303
6.31308 304
6.31541 303
6.31641 304
6.31791 303
6.31874 302
6.31957 301
6.32043 300
6.32126 299
6.32209 298
6.32292 297
6.32375 296
6.3254 294
6.32623 293
6.32625 294
6.32789 293
6.32873 294
6.33122 293
6.33138 294
6.33388 295
6.33471 296
6.33538 297
6.33538 298
6.33871 297
6.34137 296
6.34705 292
6.34802 293
6.34871 294
6.35038 293
6.35371 291
6.35468 292
6.35551 293
6.35701 292
6.35787 293
6.36117 292
6.36454 293
6.36535 294
6.36619 293
6.36702 294
6.37036 293
6.3712 294
6.37615 293
6.37698 292
6.37783 293
6.37797 294
6.3795 295
6.38116 294
6.38364 292
6.38546 293
6.38615 294
6.38629 295
6.38629 296
6.38863 294
6.39045 293
6.39191 292
6.39196 293
6.39545 292
6.39628 293
6.39695 294
6.39961 293
6.40044 294
6.4021 295
6.40693 291
6.40709 292
6.40777 291
6.41195 292
6.41209 293
6.41359 292
6.41525 291
6.41611 292
6.41615 293
6.42025 292
6.42276 291
6.42441 289
6.42956 290
6.43522 288
6.43538 289
6.43774 290
6.43954 289
6.44105 290
6.44121 291
6.44188 290
6.44188 291
6.44188 292
6.44335 291
6.44354 292
6.4437 293
6.44537 294
6.4462 295
6.44689 294
6.44953 292
6.45103 293
6.45186 294
6.45186 295
6.45438 294
6.45604 295
6.45687 294
6.46034 295
6.46117 296
6.46187 297
6.46519 296
6.46686 295
6.46933 294
6.47266 292
6.47532 293
6.47765 292
6.47849 293
6.47934 292
6.48031 293
6.48114 294
6.48447 295
6.48514 296
6.48597 295
6.48625 296
6.4878 297
6.48946 298
6.49263 297
6.49513 296
6.49778 297
6.49847 298
6.50111 299
6.50277 300
6.50361 301
6.5043 300
6.50639 299
6.50677 300
6.51093 299
6.5126 300
6.51276 301
6.51858 299
6.52092 300
6.52108 301
6.52191 302
6.52404 301
6.52425 302
6.52674 301
6.52757 300
6.52841 301
6.52857 302
6.5334 300
6.53356 301
6.53425 302
6.53444 303
6.53506 302
6.53591 303
6.53839 302
6.53938 303
6.54174 302
6.54921 303
6.5517 302
6.55186 303
6.55255 304
6.55269 305
6.55422 306
6.55647 304
6.55755 305
6.55925 306
6.55935 307
6.56335 305
6.56585 306
6.56751 305
6.571 304
6.57167 305
6.57252 306
6.57585 307
6.57833 305
6.58001 306
6.58332 302
6.58415 303
6.585 304
6.58597 305
6.58764 306
6.58847 307
6.58916 308
6.5918 306
6.5958 304
6.59913 302
6.59929 303
6.59996 304
6.60217 303
6.60245 304
6.60428 305
6.60745 306
6.60761 307
6.60828 308
6.61077 307
6.61163 308
6.61177 309
6.61244 310
6.6141 309
6.6166 308
6.61676 309
6.61759 310
6.61993 308
6.62076 309
6.62092 310
6.62175 311
6.62175 312
6.62258 313
6.62327 312
6.62341 313
6.62575 314
6.62591 315
6.6266 316
6.62743 317
6.63074 315
6.63157 314
6.63157 315
6.63243 316
6.63409 314
6.63492 313
6.63575 312
6.63657 311
6.6374 310
6.63825 309
6.63989 307
6.64073 306
6.64158 305
6.64241 304
6.64324 303
6.64489 301
6.64572 300
6.64738 298
6.64821 297
6.64897 296
6.64988 295
6.65071 294
6.65237 292
6.65321 291
6.65487 289
6.6557 288
6.65653 287
6.6582 285
6.65903 284
6.65986 283
6.66002 284
6.66153 283
6.66169 284
6.66238 285
6.66252 286
6.66622 285
6.66668 286
6.66917 287
6.67001 288
6.67068 287
6.67068 288
6.67084 289
6.67417 290
6.67569 291
6.6765 290
6.67817 291
6.67902 292
6.68165 293
6.68318 292
6.68652 290
6.68817 291
6.68831 292
6.68914 293
6.69065 291
6.69081 292
6.69148 293
6.69164 294
6.69413 295
6.69663 294
6.69813 293
6.70063 291
6.70079 292
6.70146 293
6.70229 294
6.70229 295
6.70562 294
6.70828 293
6.70895 292
6.71228 291
6.71343 292
6.71477 291
6.71493 292
6.71516 293
6.71561 294
6.71644 295
6.71893 294
6.71977 293
6.71979 294
6.72159 293
6.72395 291
6.72561 292
6.73141 291
6.73391 292
6.73726 293
6.73975 291
6.7414 292
6.74308 291
6.74391 292
6.74655 293
6.75138 292
6.75404 293
6.75487 294
6.75556 295
6.75986 296
6.76485 295
6.76569 296
6.76901 295
6.77135 294
6.77636 293
6.7782 292
6.77886 291
6.783 289
6.78482 290
6.78551 291
6.78965 287
6.79132 288
6.79467 287
6.79481 288
6.7955 289
6.79564 290
6.79633 291
6.79964 292
6.80213 290
6.80463 289
6.80465 290
6.80645 291
6.80978 292
6.81131 293
6.81214 292
6.81378 291
6.81461 292
6.81545 293
6.81796 294
6.81804 295
6.81879 296
6.82044 295
6.82143 296
6.82295 297
6.82379 298
6.82709 296
6.82725 297
6.82793 298
6.82876 299
6.83042 298
6.83058 299
6.83209 298
6.8346 299
6.83625 300
6.8371 301
6.83874 300
6.83876 301
6.84043 302
6.84223 301
6.84373 302
6.84373 303
6.8454 304
6.84625 305
6.84684 304
6.84706 305
6.8471 306
6.84873 305
6.84889 306
6.85388 307
6.85621 306
6.85873 305
6.8597 306
6.86037 307
6.86037 308
6.86053 309
6.86537 305
6.86719 306
6.86729 307
6.86869 308
6.86885 309
6.86953 308
6.87218 309
6.87285 310
6.87301 311
6.87535 312
6.87703 311
6.8787 310
6.8805 311
6.88117 312
6.88217 313
6.88617 311
6.88633 312
6.88866 311
6.89116 312
6.89201 313
6.89284 314
6.89781 312
6.89865 313
6.89948 314
6.90364 313
6.90697 312
6.90713 313
6.90796 314
6.90879 315
6.91031 316
6.91196 315
6.91212 316
6.91614 317
6.91861 316
6.92277 314
6.92777 311
6.9286 310
6.92943 309
6.93028 308
6.93359 304
6.93442 303
6.93525 302
6.93611 301
6.93775 299
6.93858 298
6.93943 297
6.94191 294
6.94274 293
6.94357 292
6.94443 291
6.94585 289
6.94857 286
6.9494 285
6.95025 286
6.95189 285
6.95275 286
6.95372 287
6.95621 288
6.96021 284
6.96121 285
6.96127 286
6.96188 287
6.9637 288
6.96687 287
6.97105 285
6.97269 284
6.97353 285
6.97618 284
6.97935 281
6.9802 282
6.98187 281
6.98284 282
6.98517 281
6.987 282
6.98783 283
6.9885 282
6.9885 283
6.99282 284
6.99532 285
6.99765 284
6.99932 283
6.99932 284
7.00031 285
7.00098 286
7.00431 285
7.00514 286
7.00597 287
7.00764 286
7.00847 285
7.00849 286
7.01015 287
7.01329 286
7.01346 287
7.01429 288
7.01764 286
7.01845 285
7.01929 286
7.02028 287
7.02194 288
7.02361 289
7.02444 290
7.02527 291
7.02594 292
7.02916 290
7.02927 291
7.02943 292
7.03026 293
7.03093 294
7.03428 295
7.03593 294
7.03692 295
7.03925 293
7.04025 294
7.04341 292
7.04674 293
7.04773 294
7.0509 291
7.05257 292
7.05522 291
7.05673 292
7.05758 293
7.05772 294
7.05855 295
7.05855 296
7.05938 297
7.06005 296
7.06007 297
7.06091 298
7.06423 297
7.06521 298
7.06604 299
7.0677 298
7.06923 297
7.07503 293
7.07602 294
7.07671 295
7.07769 296
7.07838 297
7.07852 298
7.08085 296
7.08101 297
7.08185 298
7.08337 299
7.08587 297
7.08834 295
7.08917 296
7.09125 295
7.09252 296
7.09419 295
7.09433 296
7.09585 297
7.09749 296
7.09835 297
7.10165 295
7.10181 296
7.10265 297
7.10265 298
7.10415 297
7.10581 296
7.10667 297
7.1075 298
7.10914 297
7.1133 294
7.11415 295
7.1158 294
7.11582 295
7.11679 296
7.11762 297
7.12261 296
7.12345 297
7.12412 298
7.12428 299
7.12761 300
7.13244 299
7.13329 300
7.13579 299
7.13909 297
7.13993 298
7.14258 297
7.14409 296
7.14741 294
7.14757 295
7.14841 296
7.14924 297
7.15074 296
7.15157 297
7.15166 298
7.15324 297
7.15326 298
7.15423 299
7.15573 298
7.15657 299
7.1574 300
7.16322 295
7.16405 296
7.16588 297
7.16657 298
7.16727 297
7.1674 298
7.16754 299
7.16837 300
7.16857 301
7.16921 302
7.17071 301
7.1717 302
7.17253 303
7.17337 304
7.1757 303
7.17988 302
7.18153 301
7.18319 302
7.18402 303
7.18418 304
7.18501 305
7.18668 306
7.18903 307
7.19151 305
7.19234 306
7.19567 304
7.20149 303
7.20415 304
7.20649 302
7.20734 303
7.20748 304
7.20981 303
7.21065 304
7.21233 303
7.21647 301
7.21829 302
7.22729 301
7.22828 302
7.22895 301
7.23063 302
7.23396 301
7.23895 299
7.2406 297
7.24076 298
7.24409 299
7.24492 300
7.24563 301
7.24658 302
7.24725 303
7.24725 304
7.24991 305
7.25058 306
7.2531 307
7.25724 303
7.25809 304
7.25823 305
7.25973 304
7.26073 305
7.26239 306
7.26556 305
7.26722 304
7.26937 303
7.26972 304
7.27055 303
7.27223 302
7.27404 303
7.2782 301
7.27903 302
7.2797 303
7.27986 304
7.28305 301
7.28469 300
7.28638 299
7.28818 300
7.29056 301
7.29137 302
7.29234 303
7.2947 304
7.29484 305
7.29553 306
7.29705 305
7.29717 306
7.30233 307
7.30316 308
7.30635 306
7.30799 307
7.31132 304
7.31383 305
7.31397 306
7.31481 307
7.3173 305
7.31813 306
7.31897 307
7.3213 308
7.32548 306
7.32562 307
7.32631 308
7.32715 309
7.32881 308
7.32895 309
7.329 310
7.33045 309
7.33214 310
7.33463 309
7.33477 310
7.33628 309
7.33727 310
7.33879 309
7.34628 308
7.3482 306
7.34959 305
7.35125 306
7.35458 305
7.35474 306
7.35557 307
7.35916 303
7.36041 304
7.36043 305
7.36306 306
7.36625 305
7.36639 306
7.36805 307
7.36889 308
7.36956 307
7.37055 306
7.37122 305
7.37205 304
7.37273 303
7.37356 302
7.37538 300
7.37621 299
7.37705 298
7.37871 296
7.37954 295
7.38037 294
7.38121 293
7.38206 292
7.3822 293
7.38455 292
7.38786 293
7.39038 292
7.39285 290
7.39371 291
7.39657 289
7.39785 288
7.39868 289
7.40034 290
7.403 291
7.40383 292
7.40604 290
7.40617 291
7.407 292
7.40783 293
7.40895 294
7.41215 293
7.41298 292
7.41449 293
7.41534 294
7.41698 293
7.41714 294
7.41783 295
7.41935 294
7.4195 295
7.42281 292
7.42447 291
7.42463 292
7.42697 290
7.42796 291
7.42946 290
7.43113 291
7.43198 292
7.43295 293
7.43378 294
7.43695 293
7.43711 294
7.43778 293
7.4403 294
7.4421 293
7.44543 292
7.44709 293
7.44862 294
7.44876 295
7.45109 294
7.45195 295
7.45209 296
7.45289 295
7.45775 296
7.45858 297
7.46237 296
7.46443 297
7.46692 295
7.46873 296
7.47023 295
7.47106 296
7.47189 297
7.47356 298
7.47705 299
7.47788 300
7.47788 301
7.48021 300
7.48105 301
7.48687 300
7.4877 299
7.48772 300
7.48869 301
7.4902 300
7.49119 301
7.49535 302
7.49685 301
7.49705 302
7.49769 301
7.49935 300
7.5002 301
7.50187 300
7.50284 301
7.50353 302
7.50367 303
7.50436 304
7.50601 303
7.50684 302
7.5102 303
7.51033 304
7.51199 305
7.51682 304
7.52613 305
7.52764 304
7.5278 305
7.52849 306
7.53013 305
7.53182 304
7.53301 305
7.53515 306
7.53529 307
7.53612 308
7.53929 309
7.54012 310
7.54014 311
7.54097 310
7.54194 311
7.54319 310
7.54361 311
7.54761 310
7.54777 311
7.54846 312
7.55012 313
7.55179 311
7.55276 312
7.55593 311
7.55676 312
7.56009 310
7.56108 311
7.56191 312
7.56258 311
7.56343 310
7.5651 308
7.56757 305
7.56841 304
7.56924 303
7.57007 302
7.57092 301
7.5734 298
7.57423 297
7.57506 296
7.57591 295
7.57673 294
7.57756 293
7.57841 292
7.57924 291
7.58089 289
7.58172 288
7.58188 289
7.5834 290
7.58521 291
7.5859 292
7.58675 293
7.59074 289
7.59087 290
7.59103 291
7.5917 292
7.59253 293
7.59255 294
7.59339 295
7.59669 294
7.59755 295
7.59836 296
7.59852 297
7.60169 295
7.60252 296
7.60337 297
7.60834 296
7.60917 297
7.61001 298
7.611 299
7.61167 298
7.61417 299
7.615 300
7.61599 301
7.61682 302
7.61751 303
7.61765 304
7.61835 305
7.62001 303
7.62165 302
7.62249 303
7.62348 304
7.62431 305
7.62498 306
7.62893 303
7.62914 304
7.62997 303
7.62997 304
7.63013 305
7.63083 306
7.63097 307
7.63415 306
7.6358 305
7.63596 306
7.63679 307
7.63913 305
7.63998 306
7.64079 307
7.64495 303
7.64911 302
7.64927 303
7.64994 304
7.65028 305
7.65079 306
7.65244 305
7.65329 306
7.65343 307
7.65662 304
7.65995 303
7.66159 301
7.66242 300
7.66425 298
7.66655 295
7.66759 296
7.67074 295
7.67326 294
7.67657 291
7.67989 289
7.68489 290
7.68657 289
7.6899 288
7.69237 286
7.6957 285
7.69572 286
7.70404 285
7.70735 282
7.71153 283
7.71317 282
7.71403 283
7.71583 282
7.71666 283
7.71983 282
7.72066 283
7.72149 284
7.72567 285
7.72581 286
7.73065 285
7.7338 282
7.73399 283
7.73564 282
7.73649 283
7.73663 284
7.73746 285
7.73899 286
7.74146 284
7.74162 285
7.74245 286
7.74329 287
7.74564 285
7.74812 283
7.75145 282
7.7523 283
7.75493 284
7.75812 285
7.75893 284
7.75909 285
7.7606 284
7.76143 285
7.76309 286
7.76325 287
7.76395 288
7.76575 289
7.76658 290
7.76809 291
7.76825 292
7.76831 293
7.76892 292
7.77157 293
7.77158 294
7.77241 295
7.77573 296
7.7774 297
7.77823 298
7.77975 299
7.78142 298
7.78239 299
7.78308 300
7.78556 298
7.78639 299
7.78821 300
7.7914 297
7.79154 298
7.79223 299
7.79721 296
7.79806 297
7.80139 296
7.80236 295
7.80319 296
7.80802 297
7.81301 295
7.81385 296
7.81468 297
7.81634 298
7.81717 297
7.81733 298
7.82133 296
7.82233 297
7.82399 296
7.82716 295
7.82801 296
7.83134 292
7.83148 293
7.83217 294
7.83444 293
7.83467 294
7.83881 295
7.8413 293
7.84159 294
7.84297 295
7.8438 294
7.8438 295
7.84465 296
7.84479 297
7.84713 295
7.85461 294
7.85545 295
7.85628 296
7.85794 295
7.85879 296
7.86127 295
7.8621 296
7.86295 297
7.86529 296
7.86543 297
7.86559 298
7.86626 299
7.86642 300
7.86709 301
7.86812 302
7.86961 301
7.87209 299
7.87308 300
7.87708 299
7.87793 300
7.88057 298
7.88207 299
7.8829 300
7.88473 299
7.88706 298
7.88789 299
7.88972 298
7.89055 299
7.89455 297
7.89954 293
7.90039 294
7.90553 295
7.90786 296
7.91121 297
7.91204 298
7.91452 299
7.91535 300
7.91537 301
7.91701 300
7.91785 301
7.91787 302
7.91801 303
7.92034 302
7.9205 303
7.92217 304
7.923 305
7.92452 304
7.92619 305
7.92633 306
7.92965 304
7.93049 305
7.93199 306
7.93282 307
7.93367 306
7.93781 305
7.93964 306
7.94364 303
7.9453 302
7.94534 303
7.94546 304
7.94699 303
7.94782 304
7.94948 305
7.94962 306
7.95113 305
7.95281 306
7.95614 305
7.95778 306
7.96113 303
7.96277 302
7.9646 303
7.96527 304
7.96862 302
7.97042 301
7.97625 302
7.97694 303
7.97777 304
7.97874 303
7.98027 304
7.9811 305
7.98528 304
7.98692 303
7.98873 302
7.99023 303
7.99122 304
7.99205 305
7.99289 306
7.99689 307
7.99705 308
7.99788 309
7.99938 308
8.00021 309
8.00121 310
8.00204 311
8.00273 312
8.00453 313
8.00689 312
8.00869 310
8.01186 311
8.01521 309
8.01935 307
8.02018 306
8.02018 307
8.02101 308
8.02201 309
8.02684 307
8.02767 308
8.03019 305
8.03433 303
8.03518 304
8.03698 305
8.03698 306
8.03841 305
8.03851 306
8.03865 307
8.03948 308
8.04017 309
8.04197 308
8.04447 307
8.0453 308
8.04597 309
8.04932 306
8.0518 304
8.05263 305
8.05348 306
8.05681 307
8.05861 306
8.05945 307
8.06012 308
8.06095 307
8.06428 305
8.06761 304
8.06777 305
8.0686 306
8.07093 304
8.07177 305
8.07193 306
8.0726 307
8.07343 306
8.07345 307
8.07759 303
8.08009 302
8.08357 303
8.08441 304
8.0851 305
8.08676 304
8.08841 303
8.08926 304
8.0909 303
8.09342 301
8.09356 302
8.09508 303
8.09758 304
8.09924 303
8.10105 304
8.10172 303
8.10255 302
8.10338 301
8.10421 300
8.10505 299
8.10588 298
8.10671 297
8.10754 296
8.10754 297
8.11004 296
8.11087 297
8.11255 296
8.11269 297
8.11669 294
8.11753 295
8.11836 296
8.12002 295
8.12085 296
8.12252 295
8.12268 296
8.12351 297
8.12434 298
8.1267 297
8.13084 298
8.13266 299
8.13749 298
8.13918 297
8.14001 298
8.14098 299
8.14332 300
8.14348 301
8.14581 300
8.14681 301
8.14764 302
8.14831 301
8.14847 302
8.14914 303
8.15083 304
8.15497 301
8.15513 302
8.1558 303
8.15913 301
8.15996 302
8.16079 303
8.16095 304
8.16162 303
8.16329 302
8.16495 303
8.16594 304
8.16677 305
8.16761 306
8.16996 305
8.17079 304
8.17246 305
8.1741 304
8.17426 305
8.17493 304
8.17676 302
8.17743 301
8.17826 300
8.17909 299
8.18092 297
8.18242 295
8.18258 296
8.18327 297
8.18411 298
8.18741 296
8.18827 297
8.19324 295
8.19573 294
8.19908 293
8.19922 294
8.20073 293
8.20657 294
8.20907 292
8.21154 293
8.2117 294
8.21653 291
8.21687 292
8.21737 293
8.22402 291
8.22501 292
8.22569 291
8.22585 292
8.22668 293
8.22834 292
8.22917 293
8.23153 294
8.23403 293
8.235 292
8.23733 290
8.239 291
8.23983 292
8.23983 293
8.24318 290
8.24482 291
8.24652 292
8.24817 291
8.25316 290
8.25663 289
8.25813 288
8.26063 287
8.26148 288
8.26162 289
8.26479 288
8.26481 289
8.26645 288
8.26731 289
8.26911 290
8.26911 291
8.27228 290
8.2723 291
8.27477 290
8.27563 291
8.2766 292
8.27979 290
8.27993 291
8.28143 290
8.28409 291
8.28492 292
8.28725 290
8.28975 291
8.2906 292
8.29391 291
8.29395 292
8.29407 293
8.29641 292
8.29823 293
8.30405 294
8.31138 291
8.31221 292
8.31305 293
8.31307 294
8.31321 295
8.31404 296
8.31487 297
8.31554 298
8.3182 299
8.32222 297
8.32305 298
8.32469 296
8.32802 295
8.32818 296
8.32901 297
8.32969 298
8.33385 295
8.33468 296
8.33636 297
8.33884 295
8.33967 296
8.34066 297
8.34233 298
8.34549 297
8.34716 298
8.35132 295
8.35231 296
8.35465 294
8.35564 295
8.35631 294
8.35647 295
8.3573 296
8.35797 297
8.35897 298
8.36047 297
8.36132 298
8.36299 297
8.36382 296
8.36631 295
8.36798 296
8.36812 297
8.36964 296
8.37131 297
8.37711 292
8.37796 293
8.3781 294
8.38295 295
8.38379 296
8.38642 294
8.38709 295
8.38725 296
8.38959 295
8.39042 296
8.39125 297
8.39375 296
8.39541 295
8.39791 294
8.4029 292
8.4054 291
8.40556 292
8.40875 290
8.40889 291
8.41039 290
8.41205 289
8.41291 290
8.41623 291
8.41788 290
8.41804 291
8.41873 292
8.4197 293
8.42137 294
8.4222 295
8.42453 294
8.42553 295
8.42636 296
8.42953 295
8.43119 294
8.43135 295
8.43204 296
8.43218 297
8.43534 296
8.43535 297
8.43551 298
8.43785 297
8.44119 294
8.44203 295
8.44286 294
8.44533 293
8.44634 294
8.44785 293
8.44799 294
8.44882 295
8.44965 296
8.45049 297
8.45215 298
8.45532 296
8.45617 297
8.45783 296
8.46031 295
8.46114 296
8.46197 297
8.46213 298
8.46281 297
8.46281 298
8.46364 299
8.46364 300
8.46546 301
8.46863 300
8.46873 301
8.46924 300
8.46946 301
8.47196 299
8.47295 300
8.47445 299
8.47461 300
8.47531 301
8.47545 302
8.47614 303
8.47863 301
8.48777 298
8.49375 296
8.49525 297
8.49609 298
8.49611 299
8.49694 298
8.49694 299
8.50027 300
8.50124 301
8.50373 300
8.50457 301
8.50524 300
8.50526 301
8.50609 302
8.50706 303
8.50789 304
8.5094 303
8.51108 304
8.51122 305
8.51273 304
8.51284 305
8.51356 306
8.51938 302
8.52021 303
8.52105 304
8.52276 305
8.5237 306
8.52606 307
8.5262 308
8.52853 307
8.53036 308
8.53353 306
8.53369 307
8.53519 308
8.53687 309
8.53701 310
8.53868 311
8.54101 310
8.54187 311
8.54353 310
8.5445 311
8.54533 312
8.54841 309
8.55266 307
8.55282 308
8.55349 309
8.55435 310
8.55449 311
8.55698 310
8.55932 311
8.56181 310
8.56597 308
8.56764 309
8.57013 308
8.57263 307
8.57279 308
8.57348 309
8.57515 308
8.57679 307
8.57762 306
8.5818 305
8.58347 306
8.58361 307
8.58527 308
8.58594 309
8.58927 308
8.58961 309
8.5901 310
8.5901 311
8.59285 310
8.59759 308
8.60009 307
8.60011 308
8.60191 309
8.6026 310
8.60508 308
8.60857 309
8.61023 308
8.61173 307
8.61522 308
8.61589 309
8.61605 310
8.61673 311
8.61689 312
8.61756 311
8.61839 310
8.61922 309
8.62089 307
8.62172 306
8.62257 305
8.62421 303
8.62505 302
8.62588 301
8.62675 300
8.6277 299
8.62837 298
8.62897 297
8.63253 293
8.63337 292
8.63505 290
8.63588 289
8.63753 287
8.63836 286
8.64018 285
8.64101 286
8.64252 287
8.64273 288
8.64587 289
8.64601 290
8.64716 289
8.64917 288
8.64917 289
8.65001 290
8.65333 288
8.65419 289
8.65516 290
8.65599 291
8.65599 292
8.65833 291
8.65918 292
8.65999 291
8.65999 292
8.66015 293
8.66098 294
8.66098 295
8.66249 294
8.66334 295
8.665 296
8.66665 295
8.66764 296
8.6693 297
8.67013 298
8.6718 299
8.6733 300
8.67413 301
8.67413 302
8.6758 301
8.67663 302
8.67746 303
8.67913 304
8.67929 305
8.68329 304
8.68332 305
8.68487 304
8.68665 303
8.69177 304
8.6926 305
8.6941 304
8.69593 305
8.69745 304
8.69911 303
8.70159 301
8.70242 302
8.70325 303
8.70425 304
8.70591 302
8.70924 303
8.7109 304
8.71407 301
8.7149 302
8.71569 301
8.71573 302
8.71573 303
8.71575 304
8.71989 303
8.72005 304
8.72172 305
8.72405 304
8.72491 305
8.72907 303
8.73071 304
8.73073 305
8.7317 306
8.7342 307
8.73905 305
8.73919 306
8.74319 303
8.74359 304
8.74487 305
8.74571 306
8.74585 307
8.74668 308
8.74735 307
8.74818 306
8.74901 305
8.74985 304
8.75084 303
8.75167 302
8.75217 301
8.75317 300
8.75401 299
8.75484 298
8.75567 297
8.75621 296
8.75733 295
8.75817 294
8.75902 295
8.76151 293
8.76482 292
8.76565 293
8.76651 294
8.76898 293
8.76983 294
8.77231 293
8.77481 292
8.77564 291
8.77566 292
8.77732 291
8.77899 292
8.78146 291
8.78396 290
8.78412 291
8.78479 292
8.78495 293
8.78562 292
8.78578 293
8.78777 292
8.78814 293
8.78911 294
8.7898 295
8.78994 296
8.78994 297
8.79228 296
8.79479 297
8.79493 298
8.79852 297
8.79893 298
8.79993 299
8.8006 300
8.80309 299
8.80559 298
8.80575 299
8.80644 300
8.80892 298
8.81058 299
8.81641 298
8.81724 299
8.82057 298
8.8214 297
8.8214 298
8.82389 296
8.82572 297
8.82738 296
8.82821 297
8.83055 296
8.83138 297
8.83145 298
8.83637 294
8.83721 295
8.83806 296
8.84137 295
8.84305 296
8.84636 294
8.84721 295
8.84885 294
8.85151 295
8.85468 294
8.85967 292
8.85983 293
8.86383 290
8.86466 291
8.86635 292
8.86967 289
8.87051 290
8.87134 291
8.87298 289
8.87799 285
8.88047 283
8.88063 284
8.88132 285
8.88463 286
8.88546 285
8.88548 286
8.88562 287
8.88715 286
8.88879 285
8.89295 284
8.89378 285
8.8963 284
8.8981 283
8.89961 282
8.90143 283
8.90559 284
8.91125 283
8.91141 284
8.91211 285
8.91627 282
8.91791 283
8.92041 281
8.92145 282
8.9229 283
8.92373 284
8.92708 282
8.92789 281
8.92889 282
8.93122 283
8.93305 282
8.93471 283
8.93473 284
8.93554 285
8.93705 284
8.94037 283
8.94037 284
8.94053 285
8.9422 286
8.94289 287
8.94303 288
8.94537 286
8.9462 287
8.94953 286
8.94969 287
8.95038 288
8.95202 287
8.95287 288
8.95385 289
8.95785 287
8.95868 288
8.95953 289
8.96286 288
8.96617 289
8.967 290
8.96716 291
8.96949 290
8.97033 289
8.97451 287
8.97548 288
8.97617 289
8.97865 287
8.9795 288
8.98351 286
8.98366 287
8.9853 286
8.98615 287
8.98629 288
8.98713 287
8.98796 288
8.98879 289
8.99198 286
8.99908 284
8.99947 285
9.00277 282
9.00293 283
9.00377 284
9.00377 285
9.00612 284
9.00779 285
9.00793 286
9.01026 284
9.01359 283
9.01375 284
9.01541 285
9.01874 286
9.02108 285
9.02191 286
9.02357 287
9.02441 288
9.02457 289
9.0254 290
9.02601 289
9.02607 290
9.02857 289
9.02942 290
9.02956 291
9.03273 288
9.03524 289
9.03689 288
9.03774 289
9.04021 288
9.04105 289
9.04329 288
9.04354 289
9.04439 290
9.04606 289
9.04703 290
9.04772 291
9.04937 290
9.05022 291
9.05186 290
9.05269 291
9.05353 292
9.05356 293
9.05369 294
9.05436 295
9.05602 294
9.05618 295
9.05769 296
9.05769 297
9.05854 298
9.05967 299
9.06255 297
9.06268 298
9.06355 299
9.07033 298
9.07682 296
9.07698 297
9.07765 298
9.07849 297
9.07934 298
9.08181 297
9.08265 298
9.08514 297
9.08597 298
9.08764 299
9.08863 300
9.09029 301
9.09099 300
9.09113 301
9.09362 302
9.09431 303
9.09445 304
9.09612 303
9.09764 304
9.09861 305
9.10028 304
9.10097 303
9.10111 304
9.10261 305
9.10513 306
9.10761 304
9.10943 305
9.11093 306
9.11193 307
9.11359 308
9.11426 309
9.11442 310
9.11761 311
9.11775 312
9.11844 313
9.11858 314
9.12092 312
9.12175 313
9.12258 314
9.12441 315
9.12593 314
9.1269 315
9.12757 314
9.12759 315
9.12773 316
9.12843 317
9.1309 315
9.13173 316
9.13189 317
9.13383 316
9.13673 315
9.13681 316
9.13924 317
9.14174 318
9.14188 319
9.14257 318
9.14421 317
9.14514 318
9.14671 317
9.15006 315
9.15436 313
9.15586 312
9.15669 313
9.15919 311
9.16085 312
9.16185 313
9.16335 312
9.1642 313
9.16585 312
9.16917 311
9.16933 312
9.17001 313
9.17086 314
9.17169 313
9.17183 314
9.17333 313
9.17585 311
9.17599 312
9.17765 313
9.17918 312
9.18082 311
9.18167 312
9.18417 311
9.18667 312
9.18999 311
9.19249 310
9.19497 308
9.19513 309
9.19665 308
9.19845 307
9.19998 308
9.20331 307
9.20414 308
9.20497 309
9.20578 308
9.20582 309
9.20594 310
9.20832 309
9.20844 310
9.20994 309
9.21244 308
9.21327 309
9.2141 308
9.21412 309
9.2166 308
9.21871 307
9.22078 308
9.22409 307
9.22494 308
9.2266 307
9.2291 306
9.23074 305
9.23157 306
9.23243 307
9.23257 308
9.2374 307
9.23989 306
9.23989 307
9.24405 305
9.24754 306
9.24837 307
9.24907 308
9.24921 309
9.25273 310
9.25404 309
9.25836 310
9.25903 309
9.25986 308
9.26069 307
9.26153 306
9.26485 302
9.26569 301
9.26818 298
9.26901 297
9.26985 296
9.27151 294
9.27234 293
9.27401 291
9.27484 290
9.27569 289
9.2765 288
9.27749 289
9.28021 290
9.28233 291
9.28649 288
9.28914 287
9.2933 288
9.29676 289
9.30079 288
9.30313 289
9.30479 290
9.30564 291
9.30647 292
9.30814 291
9.3098 290
9.31561 288
9.31646 289
9.31729 290
9.31993 289
9.32077 290
9.32226 291
9.32575 292
9.32644 293
9.32658 294
9.32809 293
9.32894 292
9.3306 293
9.33391 291
9.33474 292
9.33557 293
9.33724 292
9.33973 291
9.34073 292
9.34473 290
9.34556 291
9.34641 292
9.35138 288
9.35154 289
9.35221 290
9.35237 291
9.35321 292
9.35737 293
9.35804 294
9.35887 295
9.3597 296
9.36137 294
9.36222 295
9.36236 296
9.36388 297
9.36569 298
9.36719 299
9.36969 298
9.37052 299
9.37385 297
9.37468 298
9.37484 299
9.37556 300
9.37817 301
9.37971 300
9.38071 299
9.38399 300
9.38482 301
9.38549 302
9.38565 303
9.38799 302
9.38815 303
9.38882 304
9.39134 305
9.39148 306
9.39465 303
9.39548 304
9.40132 303
9.40297 302
9.40548 301
9.40631 302
9.4073 303
9.40962 301
9.41045 302
9.41145 303
9.41297 302
9.41796 300
9.41961 301
9.41977 302
9.42044 303
9.42212 304
9.42295 305
9.42379 306
9.42393 307
9.4246 306
9.42834 307
9.43127 306
9.43458 305
9.43641 304
9.43973 305
9.44207 303
9.44223 304
9.44706 303
9.44722 304
9.45039 303
9.45538 299
9.45554 300
9.45621 301
9.45623 302
9.45788 301
9.46123 302
9.4637 300
9.46453 301
9.46788 302
9.46969 303
9.47135 304
9.47218 305
9.47369 306
9.47454 307
9.47618 306
9.4805 307
9.48117 308
9.4845 304
9.48704 305
9.48866 304
9.49199 302
9.49215 303
9.49282 304
9.49298 305
9.49449 304
9.49532 305
9.49631 306
9.49865 307
9.49948 308
9.49964 309
9.50033 310
9.50449 309
9.50613 308
9.50613 309
9.50655 310
9.50863 309
9.51129 310
9.51212 311
9.51364 310
9.51531 308
9.51778 306
9.52196 304
9.52279 303
9.52527 300
9.5261 299
9.52693 298
9.52777 297
9.52943 296
9.53204 297
9.53429 295
9.53442 296
9.53541 297
9.53775 296
9.53775 297
9.53791 298
9.54025 299
9.54041 300
9.5411 301
9.54124 302
9.54443 301
9.54873 300
9.55023 299
9.55122 300
9.55122 301
9.55273 300
9.55289 301
9.55356 302
9.55609 301
9.55938 299
9.56021 300
9.56271 301
9.56604 298
9.56687 299
9.5677 300
9.57269 296
9.57353 297
9.57519 298
9.57523 299
9.57687 298
9.57701 299
9.57868 300
9.58201 301
9.58268 302
9.58351 301
9.58367 302
9.58517 301
9.58533 302
9.58601 303
9.58769 304
9.5877 305
9.59019 304
9.59116 305
9.59266 304
9.59351 305
9.59433 304
9.59516 303
9.59599 302
9.59765 300
9.59849 299
9.59932 298
9.60015 297
9.601 296
9.60114 297
9.60265 296
9.60281 297
9.60348 298
9.60599 299
9.6078 300
9.6093 299
9.6093 300
9.6118 298
9.61263 299
9.61279 300
9.61362 301
9.61513 302
9.61861 300
9.62012 299
9.62361 298
9.62487 297
9.62693 298
9.63343 296
9.63426 297
9.63449 298
9.63761 297
9.63874 296
9.64094 297
9.64179 298
9.64191 299
9.64341 298
9.64508 299
9.64676 298
9.65005 297
9.65007 298
9.65009 299
9.65439 298
9.65591 297
9.66005 296
9.66255 295
9.66338 296
9.66354 297
9.66423 298
9.66756 296
9.6677 297
9.66853 298
9.67253 297
9.67602 296
9.68101 297
9.68335 295
9.68919 294
9.69001 293
9.69086 294
9.69417 291
9.69666 290
9.69835 291
9.69857 292
9.70098 293
9.70748 289
9.70831 290
9.71247 291
9.7133 292
9.7133 293
9.71596 294
9.71762 295
9.71762 296
9.71845 297
9.71929 298
9.72012 299
9.72329 297
9.72345 298
9.72412 297
9.72677 295
9.72761 296
9.72828 297
9.72911 298
9.7301 299
9.73161 298
9.73177 299
9.7341 298
9.7341 299
9.73493 300
9.73676 301
9.73759 302
9.73842 303
9.73909 302
9.74078 301
9.74492 298
9.74591 299
9.74991 298
9.7509 299
9.75409 296
9.75423 297
9.75506 298
9.75506 299
9.75573 298
9.75673 299
9.75906 297
9.76158 296
9.76322 295
9.76572 296
9.76655 295
9.76671 296
9.7717 295
9.77489 296
9.77503 297
9.77586 298
9.77836 299
9.77903 298
9.78069 297
9.78085 298
9.78153 299
9.78169 300
9.78402 299
9.78418 300
9.78487 301
9.78799 299
9.78818 300
9.78901 301
9.79068 300
9.79151 299
9.79151 300
9.79167 301
9.79234 302
9.7925 303
9.79364 302
9.79583 303
9.80066 300
9.80249 299
9.80415 300
9.80498 301
9.80665 300
9.80815 301
9.80914 302
9.81247 301
9.8133 302
9.81399 303
9.81649 301
9.81746 302
9.8198 301
9.82162 302
9.82313 303
9.82481 304
9.82495 305
9.82647 306
9.82812 305
9.82895 306
9.82911 307
9.83394 304
9.83646 303
9.83812 304
9.84476 303
9.84811 304
9.85141 302
9.85157 303
9.85393 304
9.85557 303
9.85643 304
9.85726 303
9.8574 304
9.8589 305
9.86225 306
9.86239 307
9.86306 306
9.86473 305
9.86556 306
9.86639 307
9.86836 308
9.86972 307
9.87057 308
9.87305 306
9.87321 307
9.8739 308
9.87404 309
9.87721 307
9.88137 304
9.88236 305
9.88303 306
9.88386 307
9.88636 305
9.88652 306
9.88971 304
9.88985 305
9.8922 304
9.89317 303
9.89385 302
9.89468 301
9.89551 300
9.89634 299
9.89817 297
9.89886 296
9.899 297
9.9005 296
9.90133 297
9.90149 298
9.90399 299
9.90468 300
9.90565 301
9.90633 300
9.90965 301
9.91215 300
9.91465 299
9.91481 300
9.91548 299
9.91548 300
9.91799 299
9.91897 300
9.92132 301
9.92463 300
9.92546 301
9.92796 299
9.92831 300
9.92879 301
9.93131 302
9.93145 303
9.93214 304
9.93228 305
9.93297 304
9.93461 302
9.93545 301
9.93628 300
9.93711 299
9.93794 298
9.93977 296
9.9406 295
9.94127 294
9.9421 293
9.94293 294
9.94379 295
9.94393 296
9.94476 297
9.94892 295
9.95058 294
9.95209 293
9.95225 294
9.95292 295
9.95708 293
9.96041 291
9.96057 292
9.96126 293
9.96209 294
9.96625 292
9.96639 293
9.96722 294
9.96791 295
9.96875 296
9.96889 297
9.96972 298
9.97122 299
9.97388 297
9.9754 298
9.97554 299
9.97818 300
9.98287 301
9.98453 300
9.98469 301
9.98539 302
9.98553 303
9.98553 304
9.98953 303
9.99119 304
9.99202 303
9.99454 304
9.99537 305
9.99701 304
9.99717 305
9.99801 306
9.99801 307
9.99884 306
